#  NACA 4417                                       
#  alpha =   5.0000
#  Mach  =   0.0000
#  Reyn  = 20000000
#  Ncrit =   7.5000
#
#    x           cf
   0.476672E-02  0.172987E-03
   0.402521E-02  0.402025E-03
   0.334860E-02  0.632103E-03
   0.273710E-02  0.882557E-03
   0.219055E-02  0.112347E-02
   0.170851E-02  0.137382E-02
   0.129008E-02  0.161023E-02
   0.934166E-03  0.184131E-02
   0.639178E-03  0.205586E-02
   0.403039E-03  0.225591E-02
   0.223492E-03  0.243653E-02
   0.983052E-04  0.260169E-02
   0.249266E-04  0.274576E-02
   0.279266E-07  0.288066E-02
   0.214136E-04  0.300834E-02
   0.894940E-04  0.311845E-02
   0.205926E-03  0.320563E-02
   0.371664E-03  0.327531E-02
   0.587159E-03  0.332696E-02
   0.853062E-03  0.335828E-02
   0.117003E-02  0.337503E-02
   0.153851E-02  0.337317E-02
   0.195874E-02  0.335866E-02
   0.243096E-02  0.333023E-02
   0.295545E-02  0.329067E-02
   0.353243E-02  0.324204E-02
   0.416216E-02  0.318464E-02
   0.484492E-02  0.312161E-02
   0.558107E-02  0.305300E-02
   0.637104E-02  0.298076E-02
   0.721537E-02  0.290619E-02
   0.811471E-02  0.282913E-02
   0.906980E-02  0.275241E-02
   0.100816E-01  0.267401E-02
   0.111511E-01  0.259770E-02
   0.122796E-01  0.252049E-02
   0.134684E-01  0.244629E-02
   0.147191E-01  0.237191E-02
   0.160334E-01  0.230090E-02
   0.174134E-01  0.223030E-02
   0.188611E-01  0.216309E-02
   0.203791E-01  0.209672E-02
   0.219698E-01  0.203364E-02
   0.236361E-01  0.197160E-02
   0.253812E-01  0.191269E-02
   0.272085E-01  0.185493E-02
   0.291215E-01  0.180005E-02
   0.311243E-01  0.174639E-02
   0.332211E-01  0.169525E-02
   0.354164E-01  0.164549E-02
   0.377151E-01  0.159775E-02
   0.401224E-01  0.155161E-02
   0.426437E-01  0.150694E-02
   0.452848E-01  0.146403E-02
   0.480519E-01  0.142226E-02
   0.509512E-01  0.138204E-02
   0.539893E-01  0.134300E-02
   0.571731E-01  0.130507E-02
   0.605093E-01  0.126838E-02
   0.640051E-01  0.123262E-02
   0.676674E-01  0.119780E-02
   0.715029E-01  0.116394E-02
   0.755182E-01  0.113084E-02
   0.797194E-01  0.109848E-02
   0.841122E-01  0.106682E-02
   0.887014E-01  0.103581E-02
   0.934910E-01  0.100535E-02
   0.984841E-01  0.975414E-03
   0.103683      0.945955E-03
   0.109087      0.916937E-03
   0.114697      0.888309E-03
   0.120509      0.860036E-03
   0.126522      0.832090E-03
   0.132730      0.804449E-03
   0.139128      0.777098E-03
   0.145709      0.750035E-03
   0.152466      0.723272E-03
   0.159391      0.696867E-03
   0.166475      0.670960E-03
   0.173710      0.645944E-03
   0.181086      0.622742E-03
   0.188597      0.606243E-03
   0.196233      0.614855E-03
   0.203986      0.484230E-02
   0.211850      0.758732E-02
   0.219816      0.824511E-02
   0.227878      0.802545E-02
   0.236031      0.770812E-02
   0.244267      0.743616E-02
   0.252583      0.721385E-02
   0.260974      0.702690E-02
   0.269434      0.686313E-02
   0.277962      0.671450E-02
   0.286553      0.657605E-02
   0.295204      0.644470E-02
   0.303913      0.631850E-02
   0.312677      0.619612E-02
   0.321497      0.607661E-02
   0.330370      0.595921E-02
   0.339297      0.584328E-02
   0.348277      0.572822E-02
   0.357313      0.561322E-02
   0.366406      0.549799E-02
   0.375560      0.537979E-02
   0.384782      0.526080E-02
   0.394077      0.512993E-02
   0.403461      0.497778E-02
   0.412938      0.485498E-02
   0.422492      0.475131E-02
   0.432115      0.465719E-02
   0.441798      0.456899E-02
   0.451532      0.448523E-02
   0.461312      0.440466E-02
   0.471133      0.432662E-02
   0.480990      0.425061E-02
   0.490878      0.417632E-02
   0.500795      0.410349E-02
   0.510737      0.403194E-02
   0.520703      0.396154E-02
   0.530689      0.389218E-02
   0.540694      0.382376E-02
   0.550716      0.375621E-02
   0.560754      0.368945E-02
   0.570805      0.362343E-02
   0.580869      0.355806E-02
   0.590944      0.349331E-02
   0.601028      0.342909E-02
   0.611122      0.336536E-02
   0.621224      0.330205E-02
   0.631332      0.323911E-02
   0.641445      0.317645E-02
   0.651563      0.311404E-02
   0.661685      0.305178E-02
   0.671809      0.298962E-02
   0.681935      0.292747E-02
   0.692061      0.286528E-02
   0.702187      0.280294E-02
   0.712311      0.274038E-02
   0.722433      0.267752E-02
   0.732550      0.261424E-02
   0.742662      0.255046E-02
   0.752767      0.248607E-02
   0.762864      0.242095E-02
   0.772950      0.235497E-02
   0.783024      0.228801E-02
   0.793082      0.221993E-02
   0.803122      0.215056E-02
   0.813139      0.207974E-02
   0.823130      0.200730E-02
   0.833089      0.193305E-02
   0.843009      0.185678E-02
   0.852881      0.177830E-02
   0.862696      0.169741E-02
   0.872441      0.161389E-02
   0.882101      0.152760E-02
   0.891660      0.143841E-02
   0.901095      0.134630E-02
   0.910384      0.125136E-02
   0.919500      0.115390E-02
   0.928413      0.105447E-02
   0.937092      0.953912E-03
   0.945507      0.853400E-03
   0.953628      0.754397E-03
   0.961428      0.658549E-03
   0.968886      0.567529E-03
   0.975986      0.482854E-03
   0.982719      0.405680E-03
   0.989083      0.336964E-03
   0.995083      0.276371E-03
    1.00000      0.235020E-03
    1.00010       0.00000    
    1.00525       0.00000    
    1.01086       0.00000    
    1.01698       0.00000    
    1.02365       0.00000    
    1.03092       0.00000    
    1.03884       0.00000    
    1.04746       0.00000    
    1.05686       0.00000    
    1.06710       0.00000    
    1.07825       0.00000    
    1.09039       0.00000    
    1.10363       0.00000    
    1.11804       0.00000    
    1.13374       0.00000    
    1.15084       0.00000    
    1.16946       0.00000    
    1.18974       0.00000    
    1.21184       0.00000    
    1.23590       0.00000    
    1.26211       0.00000    
    1.29065       0.00000    
    1.32174       0.00000    
    1.35559       0.00000    
    1.39246       0.00000    
    1.43262       0.00000    
    1.47634       0.00000    
    1.52396       0.00000    
    1.57582       0.00000    
    1.63229       0.00000    
    1.69378       0.00000    
    1.76075       0.00000    
    1.83367       0.00000    
    1.91307       0.00000    
    1.99953       0.00000    

   0.557277E-02  0.353554E-04
   0.644276E-02  0.226462E-03
   0.737605E-02  0.403359E-03
   0.837193E-02  0.554761E-03
   0.942976E-02  0.693265E-03
   0.105489E-01  0.807215E-03
   0.117290E-01  0.907709E-03
   0.129697E-01  0.988871E-03
   0.142709E-01  0.105634E-02
   0.156327E-01  0.110965E-02
   0.170556E-01  0.115078E-02
   0.185400E-01  0.118152E-02
   0.200870E-01  0.120243E-02
   0.216977E-01  0.121579E-02
   0.233734E-01  0.122153E-02
   0.251160E-01  0.122198E-02
   0.269274E-01  0.121661E-02
   0.288100E-01  0.120771E-02
   0.307664E-01  0.119440E-02
   0.327997E-01  0.117884E-02
   0.349133E-01  0.116005E-02
   0.371107E-01  0.113982E-02
   0.393963E-01  0.111737E-02
   0.417745E-01  0.109392E-02
   0.442503E-01  0.106917E-02
   0.468293E-01  0.104358E-02
   0.495175E-01  0.101746E-02
   0.523212E-01  0.990595E-03
   0.552477E-01  0.963656E-03
   0.583047E-01  0.936257E-03
   0.615004E-01  0.908817E-03
   0.648438E-01  0.881377E-03
   0.683446E-01  0.853845E-03
   0.720130E-01  0.826506E-03
   0.758600E-01  0.799299E-03
   0.798973E-01  0.772238E-03
   0.841369E-01  0.745458E-03
   0.885915E-01  0.718974E-03
   0.932740E-01  0.692780E-03
   0.981975E-01  0.666945E-03
   0.103375      0.641516E-03
   0.108819      0.616525E-03
   0.114541      0.592000E-03
   0.120553      0.567986E-03
   0.126862      0.544527E-03
   0.133477      0.521669E-03
   0.140401      0.499453E-03
   0.147636      0.477923E-03
   0.155181      0.457121E-03
   0.163032      0.437086E-03
   0.171181      0.417854E-03
   0.179618      0.399454E-03
   0.188331      0.381914E-03
   0.197305      0.365250E-03
   0.206525      0.349478E-03
   0.215975      0.334603E-03
   0.225637      0.320630E-03
   0.235496      0.307559E-03
   0.245536      0.295385E-03
   0.255741      0.284106E-03
   0.266096      0.273718E-03
   0.276589      0.264221E-03
   0.287205      0.255619E-03
   0.297934      0.247925E-03
   0.308761      0.241160E-03
   0.319676      0.235367E-03
   0.330666      0.230620E-03
   0.341717      0.227041E-03
   0.352814      0.224923E-03
   0.363939      0.224695E-03
   0.375074      0.229020E-03
   0.386199      0.474214E-03
   0.397300      0.173626E-02
   0.408374      0.263166E-02
   0.419430      0.287015E-02
   0.430482      0.283119E-02
   0.441539      0.274725E-02
   0.452607      0.267029E-02
   0.463692      0.260697E-02
   0.474796      0.255491E-02
   0.485921      0.251099E-02
   0.497069      0.247280E-02
   0.508241      0.243872E-02
   0.519436      0.240768E-02
   0.530654      0.237902E-02
   0.541895      0.235227E-02
   0.553158      0.232712E-02
   0.564442      0.230337E-02
   0.575744      0.228086E-02
   0.587064      0.225946E-02
   0.598400      0.223908E-02
   0.609748      0.221963E-02
   0.621106      0.220106E-02
   0.632471      0.218330E-02
   0.643838      0.216629E-02
   0.655205      0.214999E-02
   0.666568      0.213434E-02
   0.677927      0.211930E-02
   0.689281      0.210482E-02
   0.700629      0.209084E-02
   0.711969      0.207733E-02
   0.723303      0.206424E-02
   0.734630      0.205151E-02
   0.745948      0.203910E-02
   0.757258      0.202696E-02
   0.768557      0.201503E-02
   0.779844      0.200326E-02
   0.791116      0.199158E-02
   0.802370      0.197993E-02
   0.813600      0.196823E-02
   0.824800      0.195641E-02
   0.835960      0.194438E-02
   0.847070      0.193204E-02
   0.858113      0.191927E-02
   0.869070      0.190595E-02
   0.879919      0.189193E-02
   0.890631      0.187707E-02
   0.901170      0.186116E-02
   0.911499      0.184399E-02
   0.921574      0.182532E-02
   0.931351      0.180485E-02
   0.940784      0.178223E-02
   0.949832      0.175701E-02
   0.958461      0.172860E-02
   0.966645      0.169618E-02
   0.974371      0.165872E-02
   0.981635      0.161386E-02
   0.988445      0.156316E-02
   0.994815      0.148253E-02
    1.00000      0.152630E-02
    1.00010       0.00000    
    1.00525       0.00000    
    1.01086       0.00000    
    1.01698       0.00000    
    1.02365       0.00000    
    1.03092       0.00000    
    1.03884       0.00000    
    1.04746       0.00000    
    1.05686       0.00000    
    1.06710       0.00000    
    1.07825       0.00000    
    1.09039       0.00000    
    1.10363       0.00000    
    1.11804       0.00000    
    1.13374       0.00000    
    1.15084       0.00000    
    1.16946       0.00000    
    1.18974       0.00000    
    1.21184       0.00000    
    1.23590       0.00000    
    1.26211       0.00000    
    1.29065       0.00000    
    1.32174       0.00000    
    1.35559       0.00000    
    1.39246       0.00000    
    1.43262       0.00000    
    1.47634       0.00000    
    1.52396       0.00000    
    1.57582       0.00000    
    1.63229       0.00000    
    1.69378       0.00000    
    1.76075       0.00000    
    1.83367       0.00000    
    1.91307       0.00000    
    1.99953       0.00000    

