#  NACA 0008                                       
#  alpha =   2.0000
#  Mach  =   0.0000
#  Reyn  = 20000000
#  Ncrit =   8.0000
#
#    x           cf
   0.646155E-03  0.830395E-03
   0.321883E-03  0.201811E-02
   0.111779E-03  0.311862E-02
   0.120728E-04  0.430593E-02
   0.120728E-04  0.515412E-02
   0.111779E-03  0.593098E-02
   0.321883E-03  0.620929E-02
   0.646155E-03  0.625640E-02
   0.108641E-02  0.593282E-02
   0.164397E-02  0.548801E-02
   0.231948E-02  0.494165E-02
   0.311585E-02  0.438514E-02
   0.403893E-02  0.386905E-02
   0.509835E-02  0.339037E-02
   0.630819E-02  0.296514E-02
   0.768782E-02  0.259630E-02
   0.926301E-02  0.227433E-02
   0.110672E-01  0.199335E-02
   0.131423E-01  0.175024E-02
   0.155399E-01  0.153987E-02
   0.183217E-01  0.135775E-02
   0.215547E-01  0.120040E-02
   0.253000E-01  0.106520E-02
   0.295993E-01  0.949968E-03
   0.344585E-01  0.852726E-03
   0.398401E-01  0.771664E-03
   0.456704E-01  0.704656E-03
   0.518608E-01  0.650385E-03
   0.583278E-01  0.612376E-03
   0.650030E-01  0.829382E-03
   0.718352E-01  0.418781E-02
   0.787879E-01  0.565342E-02
   0.858350E-01  0.558845E-02
   0.929576E-01  0.527363E-02
   0.100142      0.502959E-02
   0.107379      0.484850E-02
   0.114659      0.470547E-02
   0.121977      0.458561E-02
   0.129328      0.448108E-02
   0.136707      0.438763E-02
   0.144112      0.430277E-02
   0.151539      0.422491E-02
   0.158986      0.415293E-02
   0.166451      0.408598E-02
   0.173932      0.402339E-02
   0.181429      0.396465E-02
   0.188938      0.390929E-02
   0.196460      0.385695E-02
   0.203994      0.380731E-02
   0.211537      0.376010E-02
   0.219090      0.371509E-02
   0.226653      0.367207E-02
   0.234223      0.363087E-02
   0.241801      0.359134E-02
   0.249386      0.355333E-02
   0.256978      0.351673E-02
   0.264575      0.348144E-02
   0.272179      0.344734E-02
   0.279788      0.341437E-02
   0.287403      0.338245E-02
   0.295022      0.335150E-02
   0.302646      0.332146E-02
   0.310274      0.329228E-02
   0.317906      0.326391E-02
   0.325542      0.323630E-02
   0.333181      0.320941E-02
   0.340824      0.318320E-02
   0.348471      0.315763E-02
   0.356120      0.313267E-02
   0.363773      0.310829E-02
   0.371428      0.308446E-02
   0.379086      0.306116E-02
   0.386746      0.303836E-02
   0.394409      0.301604E-02
   0.402074      0.299417E-02
   0.409742      0.297275E-02
   0.417411      0.295174E-02
   0.425083      0.293113E-02
   0.432756      0.291090E-02
   0.440432      0.289104E-02
   0.448109      0.287154E-02
   0.455787      0.285237E-02
   0.463467      0.283353E-02
   0.471149      0.281500E-02
   0.478832      0.279677E-02
   0.486517      0.277883E-02
   0.494203      0.276116E-02
   0.501890      0.274376E-02
   0.509578      0.272661E-02
   0.517267      0.270970E-02
   0.524958      0.269303E-02
   0.532649      0.267658E-02
   0.540342      0.266034E-02
   0.548035      0.264431E-02
   0.555729      0.262846E-02
   0.563424      0.261281E-02
   0.571120      0.259733E-02
   0.578816      0.258201E-02
   0.586513      0.256685E-02
   0.594211      0.255184E-02
   0.601909      0.253697E-02
   0.609608      0.252222E-02
   0.617307      0.250760E-02
   0.625007      0.249309E-02
   0.632707      0.247867E-02
   0.640408      0.246435E-02
   0.648109      0.245011E-02
   0.655810      0.243594E-02
   0.663511      0.242184E-02
   0.671213      0.240778E-02
   0.678914      0.239376E-02
   0.686616      0.237977E-02
   0.694318      0.236580E-02
   0.702020      0.235183E-02
   0.709722      0.233786E-02
   0.717424      0.232386E-02
   0.725126      0.230982E-02
   0.732828      0.229574E-02
   0.740530      0.228159E-02
   0.748231      0.226735E-02
   0.755933      0.225302E-02
   0.763634      0.223856E-02
   0.771335      0.222397E-02
   0.779035      0.220921E-02
   0.786735      0.219427E-02
   0.794435      0.217912E-02
   0.802135      0.216372E-02
   0.809834      0.214806E-02
   0.817532      0.213209E-02
   0.825230      0.211579E-02
   0.832927      0.209910E-02
   0.840624      0.208198E-02
   0.848320      0.206438E-02
   0.856015      0.204624E-02
   0.863710      0.202750E-02
   0.871404      0.200808E-02
   0.879097      0.198788E-02
   0.886789      0.196681E-02
   0.894481      0.194475E-02
   0.902171      0.192156E-02
   0.909860      0.189705E-02
   0.917547      0.187104E-02
   0.925232      0.184326E-02
   0.932913      0.181340E-02
   0.940586      0.178109E-02
   0.948245      0.174586E-02
   0.955872      0.170713E-02
   0.963437      0.166426E-02
   0.970874      0.161665E-02
   0.978064      0.156402E-02
   0.984816      0.150698E-02
   0.990902      0.144823E-02
   0.996151      0.138945E-02
    1.00000      0.136754E-02
    1.00010       0.00000    
    1.00397       0.00000    
    1.00823       0.00000    
    1.01293       0.00000    
    1.01810       0.00000    
    1.02381       0.00000    
    1.03011       0.00000    
    1.03704       0.00000    
    1.04469       0.00000    
    1.05312       0.00000    
    1.06241       0.00000    
    1.07266       0.00000    
    1.08395       0.00000    
    1.09640       0.00000    
    1.11012       0.00000    
    1.12525       0.00000    
    1.14192       0.00000    
    1.16031       0.00000    
    1.18057       0.00000    
    1.20291       0.00000    
    1.22753       0.00000    
    1.25467       0.00000    
    1.28460       0.00000    
    1.31758       0.00000    
    1.35394       0.00000    
    1.39402       0.00000    
    1.43820       0.00000    
    1.48691       0.00000    
    1.54059       0.00000    
    1.59978       0.00000    
    1.66502       0.00000    
    1.73693       0.00000    
    1.81621       0.00000    
    1.90360       0.00000    
    1.99993       0.00000    

   0.108641E-02  0.958533E-04
   0.164397E-02  0.815368E-03
   0.231948E-02  0.136081E-02
   0.311585E-02  0.167649E-02
   0.403893E-02  0.190608E-02
   0.509835E-02  0.199023E-02
   0.630819E-02  0.203413E-02
   0.768782E-02  0.201015E-02
   0.926301E-02  0.196201E-02
   0.110672E-01  0.188654E-02
   0.131423E-01  0.179848E-02
   0.155399E-01  0.170078E-02
   0.183217E-01  0.159829E-02
   0.215547E-01  0.149399E-02
   0.253000E-01  0.139077E-02
   0.295993E-01  0.129122E-02
   0.344585E-01  0.119766E-02
   0.398401E-01  0.111192E-02
   0.456704E-01  0.103478E-02
   0.518608E-01  0.966339E-03
   0.583278E-01  0.906095E-03
   0.650030E-01  0.853046E-03
   0.718352E-01  0.806215E-03
   0.787879E-01  0.764688E-03
   0.858350E-01  0.727646E-03
   0.929576E-01  0.694388E-03
   0.100142      0.664347E-03
   0.107379      0.637056E-03
   0.114659      0.612128E-03
   0.121977      0.589243E-03
   0.129328      0.568138E-03
   0.136707      0.548590E-03
   0.144112      0.530415E-03
   0.151539      0.513455E-03
   0.158986      0.497578E-03
   0.166451      0.482669E-03
   0.173932      0.468632E-03
   0.181429      0.455382E-03
   0.188938      0.442845E-03
   0.196460      0.430958E-03
   0.203994      0.419664E-03
   0.211537      0.408914E-03
   0.219090      0.398664E-03
   0.226653      0.388877E-03
   0.234223      0.379516E-03
   0.241801      0.370551E-03
   0.249386      0.361955E-03
   0.256978      0.353704E-03
   0.264575      0.345775E-03
   0.272179      0.338147E-03
   0.279788      0.330803E-03
   0.287403      0.323727E-03
   0.295022      0.316904E-03
   0.302646      0.310323E-03
   0.310274      0.303971E-03
   0.317906      0.297841E-03
   0.325542      0.291928E-03
   0.333181      0.286227E-03
   0.340824      0.280741E-03
   0.348471      0.275482E-03
   0.356120      0.270475E-03
   0.363773      0.265773E-03
   0.371428      0.261485E-03
   0.379086      0.257871E-03
   0.386746      0.255524E-03
   0.394409      0.256803E-03
   0.402074      0.270097E-03
   0.409742      0.150539E-02
   0.417411      0.277291E-02
   0.425083      0.340695E-02
   0.432756      0.356285E-02
   0.440432      0.353721E-02
   0.448109      0.346353E-02
   0.455787      0.338467E-02
   0.463467      0.331280E-02
   0.471149      0.325019E-02
   0.478832      0.319610E-02
   0.486517      0.314905E-02
   0.494203      0.310760E-02
   0.501890      0.307054E-02
   0.509578      0.303692E-02
   0.517267      0.300603E-02
   0.524958      0.297734E-02
   0.532649      0.295045E-02
   0.540342      0.292506E-02
   0.548035      0.290093E-02
   0.555729      0.287789E-02
   0.563424      0.285581E-02
   0.571120      0.283457E-02
   0.578816      0.281409E-02
   0.586513      0.279428E-02
   0.594211      0.277509E-02
   0.601909      0.275646E-02
   0.609608      0.273835E-02
   0.617307      0.272071E-02
   0.625007      0.270351E-02
   0.632707      0.268672E-02
   0.640408      0.267030E-02
   0.648109      0.265423E-02
   0.655810      0.263848E-02
   0.663511      0.262302E-02
   0.671213      0.260784E-02
   0.678914      0.259290E-02
   0.686616      0.257819E-02
   0.694318      0.256369E-02
   0.702020      0.254937E-02
   0.709722      0.253522E-02
   0.717424      0.252122E-02
   0.725126      0.250734E-02
   0.732828      0.249357E-02
   0.740530      0.247988E-02
   0.748231      0.246627E-02
   0.755933      0.245270E-02
   0.763634      0.243915E-02
   0.771335      0.242561E-02
   0.779035      0.241205E-02
   0.786735      0.239844E-02
   0.794435      0.238477E-02
   0.802135      0.237100E-02
   0.809834      0.235711E-02
   0.817532      0.234306E-02
   0.825230      0.232883E-02
   0.832927      0.231436E-02
   0.840624      0.229963E-02
   0.848320      0.228458E-02
   0.856015      0.226916E-02
   0.863710      0.225332E-02
   0.871404      0.223698E-02
   0.879097      0.222007E-02
   0.886789      0.220250E-02
   0.894481      0.218415E-02
   0.902171      0.216491E-02
   0.909860      0.214461E-02
   0.917547      0.212306E-02
   0.925232      0.210003E-02
   0.932913      0.207522E-02
   0.940586      0.204824E-02
   0.948245      0.201861E-02
   0.955872      0.198568E-02
   0.963437      0.194866E-02
   0.970874      0.190662E-02
   0.978064      0.185867E-02
   0.984816      0.180428E-02
   0.990902      0.174566E-02
   0.996151      0.167989E-02
    1.00000      0.167968E-02
    1.00010       0.00000    
    1.00397       0.00000    
    1.00823       0.00000    
    1.01293       0.00000    
    1.01810       0.00000    
    1.02381       0.00000    
    1.03011       0.00000    
    1.03704       0.00000    
    1.04469       0.00000    
    1.05312       0.00000    
    1.06241       0.00000    
    1.07266       0.00000    
    1.08395       0.00000    
    1.09640       0.00000    
    1.11012       0.00000    
    1.12525       0.00000    
    1.14192       0.00000    
    1.16031       0.00000    
    1.18057       0.00000    
    1.20291       0.00000    
    1.22753       0.00000    
    1.25467       0.00000    
    1.28460       0.00000    
    1.31758       0.00000    
    1.35394       0.00000    
    1.39402       0.00000    
    1.43820       0.00000    
    1.48691       0.00000    
    1.54059       0.00000    
    1.59978       0.00000    
    1.66502       0.00000    
    1.73693       0.00000    
    1.81621       0.00000    
    1.90360       0.00000    
    1.99993       0.00000    

