#  NACA 0008                                       
#  alpha =   0.0000
#  Mach  =   0.0000
#  Reyn  = 20000000
#  Ncrit =   8.0000
#
#    x           cf
   0.120728E-04  0.511788E-03
   0.111779E-03  0.151156E-02
   0.321883E-03  0.237173E-02
   0.646155E-03  0.301236E-02
   0.108641E-02  0.338261E-02
   0.164397E-02  0.354821E-02
   0.231948E-02  0.353768E-02
   0.311585E-02  0.342336E-02
   0.403893E-02  0.324971E-02
   0.509835E-02  0.303946E-02
   0.630819E-02  0.281882E-02
   0.768782E-02  0.260080E-02
   0.926301E-02  0.238902E-02
   0.110672E-01  0.218715E-02
   0.131423E-01  0.199811E-02
   0.155399E-01  0.182198E-02
   0.183217E-01  0.165867E-02
   0.215547E-01  0.150819E-02
   0.253000E-01  0.137077E-02
   0.295993E-01  0.124676E-02
   0.344585E-01  0.113647E-02
   0.398401E-01  0.103991E-02
   0.456704E-01  0.956194E-03
   0.518608E-01  0.884113E-03
   0.583278E-01  0.822198E-03
   0.650030E-01  0.768744E-03
   0.718352E-01  0.722295E-03
   0.787879E-01  0.681635E-03
   0.858350E-01  0.645744E-03
   0.929576E-01  0.613792E-03
   0.100142      0.585128E-03
   0.107379      0.559232E-03
   0.114659      0.535684E-03
   0.121977      0.514147E-03
   0.129328      0.494344E-03
   0.136707      0.476051E-03
   0.144112      0.459085E-03
   0.151539      0.443296E-03
   0.158986      0.428565E-03
   0.166451      0.414804E-03
   0.173932      0.401962E-03
   0.181429      0.390047E-03
   0.188938      0.379189E-03
   0.196460      0.369807E-03
   0.203994      0.363721E-03
   0.211537      0.368256E-03
   0.219090      0.120392E-02
   0.226653      0.315491E-02
   0.234223      0.411013E-02
   0.241801      0.424452E-02
   0.249386      0.413666E-02
   0.256978      0.400400E-02
   0.264575      0.388899E-02
   0.272179      0.379466E-02
   0.279788      0.371673E-02
   0.287403      0.365072E-02
   0.295022      0.359326E-02
   0.302646      0.354200E-02
   0.310274      0.349539E-02
   0.317906      0.345238E-02
   0.325542      0.341224E-02
   0.333181      0.337447E-02
   0.340824      0.333872E-02
   0.348471      0.330472E-02
   0.356120      0.327226E-02
   0.363773      0.324118E-02
   0.371428      0.321134E-02
   0.379086      0.318263E-02
   0.386746      0.315497E-02
   0.394409      0.312826E-02
   0.402074      0.310244E-02
   0.409742      0.307744E-02
   0.417411      0.305321E-02
   0.425083      0.302969E-02
   0.432756      0.300684E-02
   0.440432      0.298462E-02
   0.448109      0.296298E-02
   0.455787      0.294191E-02
   0.463467      0.292136E-02
   0.471149      0.290130E-02
   0.478832      0.288170E-02
   0.486517      0.286255E-02
   0.494203      0.284382E-02
   0.501890      0.282548E-02
   0.509578      0.280752E-02
   0.517267      0.278991E-02
   0.524958      0.277264E-02
   0.532649      0.275569E-02
   0.540342      0.273905E-02
   0.548035      0.272270E-02
   0.555729      0.270661E-02
   0.563424      0.269079E-02
   0.571120      0.267522E-02
   0.578816      0.265987E-02
   0.586513      0.264475E-02
   0.594211      0.262984E-02
   0.601909      0.261512E-02
   0.609608      0.260058E-02
   0.617307      0.258622E-02
   0.625007      0.257201E-02
   0.632707      0.255796E-02
   0.640408      0.254404E-02
   0.648109      0.253025E-02
   0.655810      0.251657E-02
   0.663511      0.250300E-02
   0.671213      0.248952E-02
   0.678914      0.247612E-02
   0.686616      0.246279E-02
   0.694318      0.244951E-02
   0.702020      0.243628E-02
   0.709722      0.242308E-02
   0.717424      0.240989E-02
   0.725126      0.239671E-02
   0.732828      0.238352E-02
   0.740530      0.237030E-02
   0.748231      0.235704E-02
   0.755933      0.234371E-02
   0.763634      0.233031E-02
   0.771335      0.231682E-02
   0.779035      0.230320E-02
   0.786735      0.228944E-02
   0.794435      0.227552E-02
   0.802135      0.226141E-02
   0.809834      0.224708E-02
   0.817532      0.223250E-02
   0.825230      0.221763E-02
   0.832927      0.220243E-02
   0.840624      0.218687E-02
   0.848320      0.217089E-02
   0.856015      0.215445E-02
   0.863710      0.213746E-02
   0.871404      0.211987E-02
   0.879097      0.210159E-02
   0.886789      0.208253E-02
   0.894481      0.206256E-02
   0.902171      0.204155E-02
   0.909860      0.201934E-02
   0.917547      0.199573E-02
   0.925232      0.197046E-02
   0.932913      0.194323E-02
   0.940586      0.191365E-02
   0.948245      0.188122E-02
   0.955872      0.184533E-02
   0.963437      0.180523E-02
   0.970874      0.176013E-02
   0.978064      0.170943E-02
   0.984816      0.165320E-02
   0.990902      0.159398E-02
   0.996151      0.153180E-02
    1.00000      0.151884E-02
    1.00010       0.00000    
    1.00397       0.00000    
    1.00823       0.00000    
    1.01293       0.00000    
    1.01810       0.00000    
    1.02381       0.00000    
    1.03011       0.00000    
    1.03704       0.00000    
    1.04469       0.00000    
    1.05312       0.00000    
    1.06242       0.00000    
    1.07266       0.00000    
    1.08395       0.00000    
    1.09640       0.00000    
    1.11013       0.00000    
    1.12525       0.00000    
    1.14193       0.00000    
    1.16031       0.00000    
    1.18058       0.00000    
    1.20292       0.00000    
    1.22754       0.00000    
    1.25469       0.00000    
    1.28461       0.00000    
    1.31760       0.00000    
    1.35396       0.00000    
    1.39405       0.00000    
    1.43824       0.00000    
    1.48695       0.00000    
    1.54065       0.00000    
    1.59985       0.00000    
    1.66510       0.00000    
    1.73703       0.00000    
    1.81633       0.00000    
    1.90374       0.00000    
    2.00010       0.00000    

   0.120728E-04  0.511792E-03
   0.111779E-03  0.151156E-02
   0.321883E-03  0.237174E-02
   0.646155E-03  0.301237E-02
   0.108641E-02  0.338262E-02
   0.164397E-02  0.354821E-02
   0.231948E-02  0.353768E-02
   0.311585E-02  0.342336E-02
   0.403893E-02  0.324971E-02
   0.509835E-02  0.303946E-02
   0.630819E-02  0.281882E-02
   0.768782E-02  0.260080E-02
   0.926301E-02  0.238902E-02
   0.110672E-01  0.218715E-02
   0.131423E-01  0.199811E-02
   0.155399E-01  0.182198E-02
   0.183217E-01  0.165867E-02
   0.215547E-01  0.150819E-02
   0.253000E-01  0.137077E-02
   0.295993E-01  0.124676E-02
   0.344585E-01  0.113647E-02
   0.398401E-01  0.103991E-02
   0.456704E-01  0.956193E-03
   0.518608E-01  0.884113E-03
   0.583278E-01  0.822198E-03
   0.650030E-01  0.768744E-03
   0.718352E-01  0.722295E-03
   0.787879E-01  0.681635E-03
   0.858350E-01  0.645744E-03
   0.929576E-01  0.613792E-03
   0.100142      0.585128E-03
   0.107379      0.559232E-03
   0.114659      0.535684E-03
   0.121977      0.514147E-03
   0.129328      0.494344E-03
   0.136707      0.476051E-03
   0.144112      0.459085E-03
   0.151539      0.443296E-03
   0.158986      0.428565E-03
   0.166451      0.414804E-03
   0.173932      0.401962E-03
   0.181429      0.390047E-03
   0.188938      0.379189E-03
   0.196460      0.369807E-03
   0.203994      0.363721E-03
   0.211537      0.368257E-03
   0.219090      0.120398E-02
   0.226653      0.315496E-02
   0.234223      0.411014E-02
   0.241801      0.424450E-02
   0.249386      0.413661E-02
   0.256978      0.400394E-02
   0.264575      0.388892E-02
   0.272179      0.379458E-02
   0.279788      0.371665E-02
   0.287403      0.365064E-02
   0.295022      0.359317E-02
   0.302646      0.354192E-02
   0.310274      0.349531E-02
   0.317906      0.345230E-02
   0.325542      0.341216E-02
   0.333181      0.337439E-02
   0.340824      0.333864E-02
   0.348471      0.330464E-02
   0.356120      0.327218E-02
   0.363773      0.324110E-02
   0.371428      0.321126E-02
   0.379086      0.318256E-02
   0.386746      0.315489E-02
   0.394409      0.312819E-02
   0.402074      0.310236E-02
   0.409742      0.307737E-02
   0.417411      0.305313E-02
   0.425083      0.302961E-02
   0.432756      0.300677E-02
   0.440432      0.298454E-02
   0.448109      0.296291E-02
   0.455787      0.294184E-02
   0.463467      0.292128E-02
   0.471149      0.290122E-02
   0.478832      0.288163E-02
   0.486517      0.286248E-02
   0.494203      0.284375E-02
   0.501890      0.282541E-02
   0.509578      0.280745E-02
   0.517267      0.278984E-02
   0.524958      0.277257E-02
   0.532649      0.275563E-02
   0.540342      0.273898E-02
   0.548035      0.272263E-02
   0.555729      0.270655E-02
   0.563424      0.269072E-02
   0.571120      0.267515E-02
   0.578816      0.265981E-02
   0.586513      0.264468E-02
   0.594211      0.262977E-02
   0.601909      0.261505E-02
   0.609608      0.260051E-02
   0.617307      0.258615E-02
   0.625007      0.257194E-02
   0.632707      0.255789E-02
   0.640408      0.254397E-02
   0.648109      0.253018E-02
   0.655810      0.251650E-02
   0.663511      0.250293E-02
   0.671213      0.248945E-02
   0.678914      0.247605E-02
   0.686616      0.246272E-02
   0.694318      0.244944E-02
   0.702020      0.243621E-02
   0.709722      0.242301E-02
   0.717424      0.240982E-02
   0.725126      0.239664E-02
   0.732828      0.238345E-02
   0.740530      0.237023E-02
   0.748231      0.235697E-02
   0.755933      0.234365E-02
   0.763634      0.233025E-02
   0.771335      0.231676E-02
   0.779035      0.230314E-02
   0.786735      0.228939E-02
   0.794435      0.227547E-02
   0.802135      0.226136E-02
   0.809834      0.224703E-02
   0.817532      0.223245E-02
   0.825230      0.221758E-02
   0.832927      0.220239E-02
   0.840624      0.218683E-02
   0.848320      0.217085E-02
   0.856015      0.215440E-02
   0.863710      0.213742E-02
   0.871404      0.211983E-02
   0.879097      0.210156E-02
   0.886789      0.208249E-02
   0.894481      0.206252E-02
   0.902171      0.204152E-02
   0.909860      0.201931E-02
   0.917547      0.199570E-02
   0.925232      0.197043E-02
   0.932913      0.194320E-02
   0.940586      0.191362E-02
   0.948245      0.188119E-02
   0.955872      0.184530E-02
   0.963437      0.180520E-02
   0.970874      0.176010E-02
   0.978064      0.170940E-02
   0.984816      0.165318E-02
   0.990902      0.159395E-02
   0.996151      0.153177E-02
    1.00000      0.151881E-02
    1.00010       0.00000    
    1.00397       0.00000    
    1.00823       0.00000    
    1.01293       0.00000    
    1.01810       0.00000    
    1.02381       0.00000    
    1.03011       0.00000    
    1.03704       0.00000    
    1.04469       0.00000    
    1.05312       0.00000    
    1.06242       0.00000    
    1.07266       0.00000    
    1.08395       0.00000    
    1.09640       0.00000    
    1.11013       0.00000    
    1.12525       0.00000    
    1.14193       0.00000    
    1.16031       0.00000    
    1.18058       0.00000    
    1.20292       0.00000    
    1.22754       0.00000    
    1.25469       0.00000    
    1.28461       0.00000    
    1.31760       0.00000    
    1.35396       0.00000    
    1.39405       0.00000    
    1.43824       0.00000    
    1.48695       0.00000    
    1.54065       0.00000    
    1.59985       0.00000    
    1.66510       0.00000    
    1.73703       0.00000    
    1.81633       0.00000    
    1.90374       0.00000    
    2.00010       0.00000    

