#  NACA 4417                                       
#  alpha =   3.0000
#  Mach  =   0.0000
#  Reyn  = 20000000
#  Ncrit =   8.5000
#
#    x           cf
   0.170851E-02  0.976802E-04
   0.129008E-02  0.330563E-03
   0.934166E-03  0.559042E-03
   0.639178E-03  0.787093E-03
   0.403039E-03  0.100194E-02
   0.223492E-03  0.120974E-02
   0.983052E-04  0.140191E-02
   0.249266E-04  0.158046E-02
   0.279266E-07  0.174702E-02
   0.214136E-04  0.190520E-02
   0.894940E-04  0.205059E-02
   0.205926E-03  0.218047E-02
   0.371664E-03  0.229620E-02
   0.587159E-03  0.239622E-02
   0.853062E-03  0.247886E-02
   0.117003E-02  0.254749E-02
   0.153851E-02  0.259885E-02
   0.195874E-02  0.263716E-02
   0.243096E-02  0.266109E-02
   0.295545E-02  0.267284E-02
   0.353243E-02  0.267384E-02
   0.416216E-02  0.266440E-02
   0.484492E-02  0.264709E-02
   0.558107E-02  0.262199E-02
   0.637104E-02  0.259089E-02
   0.721537E-02  0.255494E-02
   0.811471E-02  0.251421E-02
   0.906980E-02  0.247118E-02
   0.100816E-01  0.242436E-02
   0.111511E-01  0.237712E-02
   0.122796E-01  0.232702E-02
   0.134684E-01  0.227764E-02
   0.147191E-01  0.222631E-02
   0.160334E-01  0.217633E-02
   0.174134E-01  0.212519E-02
   0.188611E-01  0.207569E-02
   0.203791E-01  0.202564E-02
   0.219698E-01  0.197737E-02
   0.236361E-01  0.192895E-02
   0.253812E-01  0.188236E-02
   0.272085E-01  0.183589E-02
   0.291215E-01  0.179122E-02
   0.311243E-01  0.174688E-02
   0.332211E-01  0.170416E-02
   0.354164E-01  0.166204E-02
   0.377151E-01  0.162120E-02
   0.401224E-01  0.158129E-02
   0.426437E-01  0.154225E-02
   0.452848E-01  0.150439E-02
   0.480519E-01  0.146716E-02
   0.509512E-01  0.143102E-02
   0.539893E-01  0.139563E-02
   0.571731E-01  0.136096E-02
   0.605093E-01  0.132719E-02
   0.640051E-01  0.129403E-02
   0.676674E-01  0.126153E-02
   0.715029E-01  0.122973E-02
   0.755182E-01  0.119847E-02
   0.797194E-01  0.116774E-02
   0.841122E-01  0.113756E-02
   0.887014E-01  0.110786E-02
   0.934910E-01  0.107858E-02
   0.984841E-01  0.104971E-02
   0.103683      0.102123E-02
   0.109087      0.993115E-03
   0.114697      0.965327E-03
   0.120509      0.937843E-03
   0.126522      0.910647E-03
   0.132730      0.883719E-03
   0.139128      0.857044E-03
   0.145709      0.830606E-03
   0.152466      0.804388E-03
   0.159391      0.778377E-03
   0.166475      0.752558E-03
   0.173710      0.726919E-03
   0.181086      0.701447E-03
   0.188597      0.676130E-03
   0.196233      0.650956E-03
   0.203986      0.625913E-03
   0.211850      0.600992E-03
   0.219816      0.576184E-03
   0.227878      0.551489E-03
   0.236031      0.526918E-03
   0.244267      0.502507E-03
   0.252583      0.478350E-03
   0.260974      0.454679E-03
   0.269434      0.432087E-03
   0.277962      0.412481E-03
   0.286553      0.403665E-03
   0.295204      0.115163E-02
   0.303913      0.469338E-02
   0.312677      0.664992E-02
   0.321497      0.700220E-02
   0.330370      0.680042E-02
   0.339297      0.653199E-02
   0.348277      0.629155E-02
   0.357313      0.608571E-02
   0.366406      0.590638E-02
   0.375560      0.574230E-02
   0.384782      0.559047E-02
   0.394077      0.543424E-02
   0.403461      0.526045E-02
   0.412938      0.512581E-02
   0.422492      0.501396E-02
   0.432115      0.491243E-02
   0.441798      0.481692E-02
   0.451532      0.472593E-02
   0.461312      0.463827E-02
   0.471133      0.455341E-02
   0.480990      0.447097E-02
   0.490878      0.439070E-02
   0.500795      0.431244E-02
   0.510737      0.423602E-02
   0.520703      0.416131E-02
   0.530689      0.408820E-02
   0.540694      0.401657E-02
   0.550716      0.394632E-02
   0.560754      0.387735E-02
   0.570805      0.380955E-02
   0.580869      0.374284E-02
   0.590944      0.367711E-02
   0.601028      0.361229E-02
   0.611122      0.354827E-02
   0.621224      0.348498E-02
   0.631332      0.342232E-02
   0.641445      0.336022E-02
   0.651563      0.329859E-02
   0.661685      0.323735E-02
   0.671809      0.317640E-02
   0.681935      0.311567E-02
   0.692061      0.305507E-02
   0.702187      0.299451E-02
   0.712311      0.293390E-02
   0.722433      0.287314E-02
   0.732550      0.281214E-02
   0.742662      0.275079E-02
   0.752767      0.268899E-02
   0.762864      0.262661E-02
   0.772950      0.256355E-02
   0.783024      0.249966E-02
   0.793082      0.243482E-02
   0.803122      0.236886E-02
   0.813139      0.230163E-02
   0.823130      0.223296E-02
   0.833089      0.216265E-02
   0.843009      0.209051E-02
   0.852881      0.201631E-02
   0.862696      0.193982E-02
   0.872441      0.186080E-02
   0.882101      0.177899E-02
   0.891660      0.169416E-02
   0.901095      0.160606E-02
   0.910384      0.151451E-02
   0.919500      0.141939E-02
   0.928413      0.132073E-02
   0.937092      0.121875E-02
   0.945507      0.111395E-02
   0.953628      0.100717E-02
   0.961428      0.899688E-03
   0.968886      0.793134E-03
   0.975986      0.689463E-03
   0.982719      0.590663E-03
   0.989083      0.499057E-03
   0.995083      0.414964E-03
    1.00000      0.357869E-03
    1.00010       0.00000    
    1.00525       0.00000    
    1.01086       0.00000    
    1.01698       0.00000    
    1.02365       0.00000    
    1.03091       0.00000    
    1.03883       0.00000    
    1.04745       0.00000    
    1.05684       0.00000    
    1.06707       0.00000    
    1.07822       0.00000    
    1.09036       0.00000    
    1.10358       0.00000    
    1.11799       0.00000    
    1.13368       0.00000    
    1.15077       0.00000    
    1.16938       0.00000    
    1.18966       0.00000    
    1.21174       0.00000    
    1.23579       0.00000    
    1.26199       0.00000    
    1.29052       0.00000    
    1.32160       0.00000    
    1.35544       0.00000    
    1.39230       0.00000    
    1.43244       0.00000    
    1.47616       0.00000    
    1.52378       0.00000    
    1.57563       0.00000    
    1.63210       0.00000    
    1.69360       0.00000    
    1.76058       0.00000    
    1.83351       0.00000    
    1.91294       0.00000    
    1.99943       0.00000    

   0.219055E-02  0.130499E-03
   0.273710E-02  0.349255E-03
   0.334860E-02  0.559814E-03
   0.402521E-02  0.750315E-03
   0.476672E-02  0.927752E-03
   0.557277E-02  0.108081E-02
   0.644276E-02  0.121672E-02
   0.737605E-02  0.132908E-02
   0.837193E-02  0.142289E-02
   0.942976E-02  0.149629E-02
   0.105489E-01  0.155273E-02
   0.117290E-01  0.159250E-02
   0.129697E-01  0.161856E-02
   0.142709E-01  0.163165E-02
   0.156327E-01  0.163459E-02
   0.170556E-01  0.162786E-02
   0.185400E-01  0.161419E-02
   0.200870E-01  0.159352E-02
   0.216977E-01  0.156853E-02
   0.233734E-01  0.153858E-02
   0.251160E-01  0.150630E-02
   0.269274E-01  0.147057E-02
   0.288100E-01  0.143392E-02
   0.307664E-01  0.139495E-02
   0.327997E-01  0.135598E-02
   0.349133E-01  0.131557E-02
   0.371107E-01  0.127564E-02
   0.393963E-01  0.123505E-02
   0.417745E-01  0.119504E-02
   0.442503E-01  0.115510E-02
   0.468293E-01  0.111559E-02
   0.495175E-01  0.107676E-02
   0.523212E-01  0.103823E-02
   0.552477E-01  0.100067E-02
   0.583047E-01  0.963537E-03
   0.615004E-01  0.927211E-03
   0.648438E-01  0.891673E-03
   0.683446E-01  0.856745E-03
   0.720130E-01  0.822677E-03
   0.758600E-01  0.789354E-03
   0.798973E-01  0.756734E-03
   0.841369E-01  0.724917E-03
   0.885915E-01  0.693881E-03
   0.932740E-01  0.663582E-03
   0.981975E-01  0.634053E-03
   0.103375      0.605315E-03
   0.108819      0.577373E-03
   0.114541      0.550227E-03
   0.120553      0.523898E-03
   0.126862      0.498407E-03
   0.133477      0.473778E-03
   0.140401      0.450035E-03
   0.147636      0.427200E-03
   0.155181      0.405298E-03
   0.163032      0.384351E-03
   0.171181      0.364381E-03
   0.179618      0.345406E-03
   0.188331      0.327440E-03
   0.197305      0.310499E-03
   0.206525      0.294599E-03
   0.215975      0.279762E-03
   0.225637      0.266035E-03
   0.235496      0.253520E-03
   0.245536      0.242476E-03
   0.255741      0.233707E-03
   0.266096      0.230740E-03
   0.276589      0.510694E-03
   0.287205      0.215810E-02
   0.297934      0.305722E-02
   0.308761      0.319284E-02
   0.319676      0.308891E-02
   0.330666      0.297189E-02
   0.341717      0.287696E-02
   0.352814      0.280319E-02
   0.363939      0.274522E-02
   0.375074      0.270021E-02
   0.386199      0.266341E-02
   0.397300      0.264648E-02
   0.408374      0.263585E-02
   0.419430      0.260745E-02
   0.430482      0.257534E-02
   0.441539      0.254317E-02
   0.452607      0.251170E-02
   0.463692      0.248145E-02
   0.474796      0.245248E-02
   0.485921      0.242478E-02
   0.497069      0.239828E-02
   0.508241      0.237289E-02
   0.519436      0.234854E-02
   0.530654      0.232513E-02
   0.541895      0.230261E-02
   0.553158      0.228092E-02
   0.564442      0.225999E-02
   0.575744      0.223979E-02
   0.587064      0.222027E-02
   0.598400      0.220140E-02
   0.609748      0.218314E-02
   0.621106      0.216546E-02
   0.632471      0.214833E-02
   0.643838      0.213171E-02
   0.655205      0.211558E-02
   0.666568      0.209991E-02
   0.677927      0.208465E-02
   0.689281      0.206979E-02
   0.700629      0.205526E-02
   0.711969      0.204105E-02
   0.723303      0.202710E-02
   0.734630      0.201338E-02
   0.745948      0.199982E-02
   0.757258      0.198639E-02
   0.768557      0.197303E-02
   0.779844      0.195968E-02
   0.791116      0.194627E-02
   0.802370      0.193273E-02
   0.813600      0.191897E-02
   0.824800      0.190492E-02
   0.835960      0.189046E-02
   0.847070      0.187548E-02
   0.858113      0.185986E-02
   0.869070      0.184344E-02
   0.879919      0.182606E-02
   0.890631      0.180754E-02
   0.901170      0.178765E-02
   0.911499      0.176615E-02
   0.921574      0.174276E-02
   0.931351      0.171715E-02
   0.940784      0.168893E-02
   0.949832      0.165762E-02
   0.958461      0.162261E-02
   0.966645      0.158309E-02
   0.974371      0.153808E-02
   0.981635      0.148559E-02
   0.988445      0.142687E-02
   0.994815      0.134449E-02
    1.00000      0.135649E-02
    1.00010       0.00000    
    1.00525       0.00000    
    1.01086       0.00000    
    1.01698       0.00000    
    1.02365       0.00000    
    1.03091       0.00000    
    1.03883       0.00000    
    1.04745       0.00000    
    1.05684       0.00000    
    1.06707       0.00000    
    1.07822       0.00000    
    1.09036       0.00000    
    1.10358       0.00000    
    1.11799       0.00000    
    1.13368       0.00000    
    1.15077       0.00000    
    1.16938       0.00000    
    1.18966       0.00000    
    1.21174       0.00000    
    1.23579       0.00000    
    1.26199       0.00000    
    1.29052       0.00000    
    1.32160       0.00000    
    1.35544       0.00000    
    1.39230       0.00000    
    1.43244       0.00000    
    1.47616       0.00000    
    1.52378       0.00000    
    1.57563       0.00000    
    1.63210       0.00000    
    1.69360       0.00000    
    1.76058       0.00000    
    1.83351       0.00000    
    1.91294       0.00000    
    1.99943       0.00000    

