#  NACA 4417                                       
#  alpha =   2.0000
#  Mach  =   0.0000
#  Reyn  = 20000000
#  Ncrit =   8.5000
#
#    x           cf
   0.639178E-03  0.136482E-03
   0.403039E-03  0.358873E-03
   0.223492E-03  0.573615E-03
   0.983052E-04  0.778583E-03
   0.249266E-04  0.970497E-03
   0.279266E-07  0.115165E-02
   0.214136E-04  0.132371E-02
   0.894940E-04  0.148580E-02
   0.205926E-03  0.163536E-02
   0.371664E-03  0.177241E-02
   0.587159E-03  0.189510E-02
   0.853062E-03  0.200206E-02
   0.117003E-02  0.209539E-02
   0.153851E-02  0.217239E-02
   0.195874E-02  0.223628E-02
   0.243096E-02  0.228577E-02
   0.295545E-02  0.232275E-02
   0.353243E-02  0.234830E-02
   0.416216E-02  0.236276E-02
   0.484492E-02  0.236835E-02
   0.558107E-02  0.236520E-02
   0.637104E-02  0.235497E-02
   0.721537E-02  0.233873E-02
   0.811471E-02  0.231666E-02
   0.906980E-02  0.229106E-02
   0.100816E-01  0.226067E-02
   0.111511E-01  0.222863E-02
   0.122796E-01  0.219283E-02
   0.134684E-01  0.215662E-02
   0.147191E-01  0.211763E-02
   0.160334E-01  0.207897E-02
   0.174134E-01  0.203840E-02
   0.188611E-01  0.199859E-02
   0.203791E-01  0.195755E-02
   0.219698E-01  0.191754E-02
   0.236361E-01  0.187678E-02
   0.253812E-01  0.183721E-02
   0.272085E-01  0.179723E-02
   0.291215E-01  0.175850E-02
   0.311243E-01  0.171965E-02
   0.332211E-01  0.168195E-02
   0.354164E-01  0.164447E-02
   0.377151E-01  0.160787E-02
   0.401224E-01  0.157185E-02
   0.426437E-01  0.153639E-02
   0.452848E-01  0.150180E-02
   0.480519E-01  0.146758E-02
   0.509512E-01  0.143419E-02
   0.539893E-01  0.140132E-02
   0.571731E-01  0.136898E-02
   0.605093E-01  0.133732E-02
   0.640051E-01  0.130611E-02
   0.676674E-01  0.127539E-02
   0.715029E-01  0.124522E-02
   0.755182E-01  0.121547E-02
   0.797194E-01  0.118613E-02
   0.841122E-01  0.115721E-02
   0.887014E-01  0.112869E-02
   0.934910E-01  0.110050E-02
   0.984841E-01  0.107265E-02
   0.103683      0.104511E-02
   0.109087      0.101788E-02
   0.114697      0.990917E-03
   0.120509      0.964218E-03
   0.126522      0.937767E-03
   0.132730      0.911552E-03
   0.139128      0.885563E-03
   0.145709      0.859789E-03
   0.152466      0.834217E-03
   0.159391      0.808837E-03
   0.166475      0.783640E-03
   0.173710      0.758615E-03
   0.181086      0.733753E-03
   0.188597      0.709043E-03
   0.196233      0.684473E-03
   0.203986      0.660032E-03
   0.211850      0.635708E-03
   0.219816      0.611486E-03
   0.227878      0.587353E-03
   0.236031      0.563294E-03
   0.244267      0.539296E-03
   0.252583      0.515349E-03
   0.260974      0.491450E-03
   0.269434      0.467609E-03
   0.277962      0.443873E-03
   0.286553      0.420366E-03
   0.295204      0.397422E-03
   0.303913      0.375879E-03
   0.312677      0.359106E-03
   0.321497      0.359477E-03
   0.330370      0.192194E-02
   0.339297      0.508263E-02
   0.348277      0.644289E-02
   0.357313      0.654150E-02
   0.366406      0.630705E-02
   0.375560      0.604575E-02
   0.384782      0.581539E-02
   0.394077      0.560368E-02
   0.403461      0.539211E-02
   0.412938      0.523453E-02
   0.422492      0.510726E-02
   0.432115      0.499427E-02
   0.441798      0.488980E-02
   0.451532      0.479164E-02
   0.461312      0.469816E-02
   0.471133      0.460856E-02
   0.480990      0.452229E-02
   0.490878      0.443895E-02
   0.500795      0.435826E-02
   0.510737      0.427997E-02
   0.520703      0.420385E-02
   0.530689      0.412974E-02
   0.540694      0.405745E-02
   0.550716      0.398683E-02
   0.560754      0.391774E-02
   0.570805      0.385004E-02
   0.580869      0.378361E-02
   0.590944      0.371833E-02
   0.601028      0.365408E-02
   0.611122      0.359076E-02
   0.621224      0.352827E-02
   0.631332      0.346651E-02
   0.641445      0.340539E-02
   0.651563      0.334481E-02
   0.661685      0.328468E-02
   0.671809      0.322492E-02
   0.681935      0.316542E-02
   0.692061      0.310611E-02
   0.702187      0.304688E-02
   0.712311      0.298765E-02
   0.722433      0.292832E-02
   0.732550      0.286879E-02
   0.742662      0.280896E-02
   0.752767      0.274871E-02
   0.762864      0.268795E-02
   0.772950      0.262654E-02
   0.783024      0.256435E-02
   0.793082      0.250126E-02
   0.803122      0.243711E-02
   0.813139      0.237175E-02
   0.823130      0.230500E-02
   0.833089      0.223668E-02
   0.843009      0.216658E-02
   0.852881      0.209450E-02
   0.862696      0.202020E-02
   0.872441      0.194343E-02
   0.882101      0.186392E-02
   0.891660      0.178141E-02
   0.901095      0.169563E-02
   0.910384      0.160633E-02
   0.919500      0.151330E-02
   0.928413      0.141641E-02
   0.937092      0.131570E-02
   0.945507      0.121138E-02
   0.953628      0.110401E-02
   0.961428      0.994534E-03
   0.968886      0.884327E-03
   0.975986      0.775232E-03
   0.982719      0.669317E-03
   0.989083      0.569337E-03
   0.995083      0.475742E-03
    1.00000      0.412373E-03
    1.00010       0.00000    
    1.00525       0.00000    
    1.01086       0.00000    
    1.01698       0.00000    
    1.02365       0.00000    
    1.03091       0.00000    
    1.03882       0.00000    
    1.04744       0.00000    
    1.05683       0.00000    
    1.06706       0.00000    
    1.07820       0.00000    
    1.09034       0.00000    
    1.10356       0.00000    
    1.11796       0.00000    
    1.13364       0.00000    
    1.15073       0.00000    
    1.16934       0.00000    
    1.18961       0.00000    
    1.21168       0.00000    
    1.23573       0.00000    
    1.26192       0.00000    
    1.29044       0.00000    
    1.32151       0.00000    
    1.35534       0.00000    
    1.39220       0.00000    
    1.43233       0.00000    
    1.47604       0.00000    
    1.52365       0.00000    
    1.57549       0.00000    
    1.63196       0.00000    
    1.69345       0.00000    
    1.76042       0.00000    
    1.83335       0.00000    
    1.91277       0.00000    
    1.99927       0.00000    

   0.934166E-03  0.900562E-04
   0.129008E-02  0.317120E-03
   0.170851E-02  0.540192E-03
   0.219055E-02  0.755267E-03
   0.273710E-02  0.957474E-03
   0.334860E-02  0.114434E-02
   0.402521E-02  0.131135E-02
   0.476672E-02  0.145852E-02
   0.557277E-02  0.158246E-02
   0.644276E-02  0.168537E-02
   0.737605E-02  0.176555E-02
   0.837193E-02  0.182624E-02
   0.942976E-02  0.186731E-02
   0.105489E-01  0.189219E-02
   0.117290E-01  0.190159E-02
   0.129697E-01  0.189879E-02
   0.142709E-01  0.188454E-02
   0.156327E-01  0.186194E-02
   0.170556E-01  0.183129E-02
   0.185400E-01  0.179554E-02
   0.200870E-01  0.175434E-02
   0.216977E-01  0.171056E-02
   0.233734E-01  0.166324E-02
   0.251160E-01  0.161513E-02
   0.269274E-01  0.156483E-02
   0.288100E-01  0.151497E-02
   0.307664E-01  0.146386E-02
   0.327997E-01  0.141390E-02
   0.349133E-01  0.136342E-02
   0.371107E-01  0.131438E-02
   0.393963E-01  0.126548E-02
   0.417745E-01  0.121793E-02
   0.442503E-01  0.117114E-02
   0.468293E-01  0.112542E-02
   0.495175E-01  0.108097E-02
   0.523212E-01  0.103734E-02
   0.552477E-01  0.995175E-03
   0.583047E-01  0.953881E-03
   0.615004E-01  0.913798E-03
   0.648438E-01  0.874882E-03
   0.683446E-01  0.836913E-03
   0.720130E-01  0.800120E-03
   0.758600E-01  0.764361E-03
   0.798973E-01  0.729569E-03
   0.841369E-01  0.695821E-03
   0.885915E-01  0.663081E-03
   0.932740E-01  0.631282E-03
   0.981975E-01  0.600440E-03
   0.103375      0.570563E-03
   0.108819      0.541643E-03
   0.114541      0.513665E-03
   0.120553      0.486638E-03
   0.126862      0.460575E-03
   0.133477      0.435488E-03
   0.140401      0.411394E-03
   0.147636      0.388312E-03
   0.155181      0.366266E-03
   0.163032      0.345287E-03
   0.171181      0.325418E-03
   0.179618      0.306730E-03
   0.188331      0.289367E-03
   0.197305      0.273665E-03
   0.206525      0.260672E-03
   0.215975      0.254835E-03
   0.225637      0.564639E-03
   0.235496      0.243379E-02
   0.245536      0.339427E-02
   0.255741      0.349666E-02
   0.266096      0.335670E-02
   0.276589      0.321389E-02
   0.287205      0.309886E-02
   0.297934      0.300725E-02
   0.308761      0.293205E-02
   0.319676      0.286831E-02
   0.330666      0.281301E-02
   0.341717      0.276444E-02
   0.352814      0.272174E-02
   0.363939      0.268436E-02
   0.375074      0.265331E-02
   0.386199      0.262660E-02
   0.397300      0.261671E-02
   0.408374      0.261195E-02
   0.419430      0.258937E-02
   0.430482      0.256166E-02
   0.441539      0.253254E-02
   0.452607      0.250307E-02
   0.463692      0.247403E-02
   0.474796      0.244572E-02
   0.485921      0.241829E-02
   0.497069      0.239180E-02
   0.508241      0.236625E-02
   0.519436      0.234162E-02
   0.530654      0.231787E-02
   0.541895      0.229496E-02
   0.553158      0.227284E-02
   0.564442      0.225148E-02
   0.575744      0.223083E-02
   0.587064      0.221085E-02
   0.598400      0.219151E-02
   0.609748      0.217276E-02
   0.621106      0.215458E-02
   0.632471      0.213693E-02
   0.643838      0.211978E-02
   0.655205      0.210310E-02
   0.666568      0.208686E-02
   0.677927      0.207101E-02
   0.689281      0.205552E-02
   0.700629      0.204035E-02
   0.711969      0.202546E-02
   0.723303      0.201080E-02
   0.734630      0.199633E-02
   0.745948      0.198199E-02
   0.757258      0.196774E-02
   0.768557      0.195352E-02
   0.779844      0.193925E-02
   0.791116      0.192488E-02
   0.802370      0.191033E-02
   0.813600      0.189550E-02
   0.824800      0.188031E-02
   0.835960      0.186464E-02
   0.847070      0.184838E-02
   0.858113      0.183138E-02
   0.869070      0.181350E-02
   0.879919      0.179456E-02
   0.890631      0.177435E-02
   0.901170      0.175266E-02
   0.911499      0.172923E-02
   0.921574      0.170377E-02
   0.931351      0.167595E-02
   0.940784      0.164536E-02
   0.949832      0.161153E-02
   0.958461      0.157386E-02
   0.966645      0.153159E-02
   0.974371      0.148380E-02
   0.981635      0.142876E-02
   0.988445      0.136767E-02
   0.994815      0.128580E-02
    1.00000      0.128714E-02
    1.00010       0.00000    
    1.00525       0.00000    
    1.01086       0.00000    
    1.01698       0.00000    
    1.02365       0.00000    
    1.03091       0.00000    
    1.03882       0.00000    
    1.04744       0.00000    
    1.05683       0.00000    
    1.06706       0.00000    
    1.07820       0.00000    
    1.09034       0.00000    
    1.10356       0.00000    
    1.11796       0.00000    
    1.13364       0.00000    
    1.15073       0.00000    
    1.16934       0.00000    
    1.18961       0.00000    
    1.21168       0.00000    
    1.23573       0.00000    
    1.26192       0.00000    
    1.29044       0.00000    
    1.32151       0.00000    
    1.35534       0.00000    
    1.39220       0.00000    
    1.43233       0.00000    
    1.47604       0.00000    
    1.52365       0.00000    
    1.57549       0.00000    
    1.63196       0.00000    
    1.69345       0.00000    
    1.76042       0.00000    
    1.83335       0.00000    
    1.91277       0.00000    
    1.99927       0.00000    

