#  NACA 4417                                       
#  alpha =   1.0000
#  Mach  =   0.0000
#  Reyn  = 20000000
#  Ncrit =   7.0000
#
#    x           cf
   0.983052E-04  0.137385E-03
   0.249266E-04  0.340722E-03
   0.279266E-07  0.536313E-03
   0.214136E-04  0.720351E-03
   0.894940E-04  0.899659E-03
   0.205926E-03  0.106658E-02
   0.371664E-03  0.122458E-02
   0.587159E-03  0.136849E-02
   0.853062E-03  0.149912E-02
   0.117003E-02  0.161626E-02
   0.153851E-02  0.171833E-02
   0.195874E-02  0.180729E-02
   0.243096E-02  0.188200E-02
   0.295545E-02  0.194399E-02
   0.353243E-02  0.199399E-02
   0.416216E-02  0.203237E-02
   0.484492E-02  0.206099E-02
   0.558107E-02  0.208001E-02
   0.637104E-02  0.209094E-02
   0.721537E-02  0.209478E-02
   0.811471E-02  0.209179E-02
   0.906980E-02  0.208408E-02
   0.100816E-01  0.207063E-02
   0.111511E-01  0.205436E-02
   0.122796E-01  0.203343E-02
   0.134684E-01  0.201098E-02
   0.147191E-01  0.198493E-02
   0.160334E-01  0.195822E-02
   0.174134E-01  0.192884E-02
   0.188611E-01  0.189935E-02
   0.203791E-01  0.186795E-02
   0.219698E-01  0.183682E-02
   0.236361E-01  0.180435E-02
   0.253812E-01  0.177240E-02
   0.272085E-01  0.173953E-02
   0.291215E-01  0.170733E-02
   0.311243E-01  0.167456E-02
   0.332211E-01  0.164246E-02
   0.354164E-01  0.161017E-02
   0.377151E-01  0.157836E-02
   0.401224E-01  0.154678E-02
   0.426437E-01  0.151543E-02
   0.452848E-01  0.148462E-02
   0.480519E-01  0.145392E-02
   0.509512E-01  0.142377E-02
   0.539893E-01  0.139390E-02
   0.571731E-01  0.136433E-02
   0.605093E-01  0.133525E-02
   0.640051E-01  0.130641E-02
   0.676674E-01  0.127789E-02
   0.715029E-01  0.124977E-02
   0.755182E-01  0.122191E-02
   0.797194E-01  0.119432E-02
   0.841122E-01  0.116705E-02
   0.887014E-01  0.114004E-02
   0.934910E-01  0.111327E-02
   0.984841E-01  0.108674E-02
   0.103683      0.106045E-02
   0.109087      0.103439E-02
   0.114697      0.100853E-02
   0.120509      0.982866E-03
   0.126522      0.957400E-03
   0.132730      0.932123E-03
   0.139128      0.907030E-03
   0.145709      0.882113E-03
   0.152466      0.857368E-03
   0.159391      0.832788E-03
   0.166475      0.808366E-03
   0.173710      0.784097E-03
   0.181086      0.759975E-03
   0.188597      0.735991E-03
   0.196233      0.712139E-03
   0.203986      0.688408E-03
   0.211850      0.664790E-03
   0.219816      0.641272E-03
   0.227878      0.617842E-03
   0.236031      0.594488E-03
   0.244267      0.571197E-03
   0.252583      0.547955E-03
   0.260974      0.524754E-03
   0.269434      0.501589E-03
   0.277962      0.478472E-03
   0.286553      0.455451E-03
   0.295204      0.432653E-03
   0.303913      0.410444E-03
   0.312677      0.389726E-03
   0.321497      0.374678E-03
   0.330370      0.380468E-03
   0.339297      0.311179E-02
   0.348277      0.553717E-02
   0.357313      0.630760E-02
   0.366406      0.623228E-02
   0.375560      0.598762E-02
   0.384782      0.574942E-02
   0.394077      0.552972E-02
   0.403461      0.531417E-02
   0.412938      0.515555E-02
   0.422492      0.502876E-02
   0.432115      0.491713E-02
   0.441798      0.481458E-02
   0.451532      0.471873E-02
   0.461312      0.462780E-02
   0.471133      0.454095E-02
   0.480990      0.445755E-02
   0.490878      0.437717E-02
   0.500795      0.429948E-02
   0.510737      0.422420E-02
   0.520703      0.415112E-02
   0.530689      0.408002E-02
   0.540694      0.401072E-02
   0.550716      0.394307E-02
   0.560754      0.387691E-02
   0.570805      0.381210E-02
   0.580869      0.374851E-02
   0.590944      0.368603E-02
   0.601028      0.362455E-02
   0.611122      0.356395E-02
   0.621224      0.350414E-02
   0.631332      0.344502E-02
   0.641445      0.338650E-02
   0.651563      0.332848E-02
   0.661685      0.327088E-02
   0.671809      0.321361E-02
   0.681935      0.315658E-02
   0.692061      0.309970E-02
   0.702187      0.304289E-02
   0.712311      0.298605E-02
   0.722433      0.292909E-02
   0.732550      0.287192E-02
   0.742662      0.281442E-02
   0.752767      0.275651E-02
   0.762864      0.269807E-02
   0.772950      0.263898E-02
   0.783024      0.257912E-02
   0.793082      0.251835E-02
   0.803122      0.245654E-02
   0.813139      0.239352E-02
   0.823130      0.232914E-02
   0.833089      0.226320E-02
   0.843009      0.219552E-02
   0.852881      0.212588E-02
   0.862696      0.205406E-02
   0.872441      0.197980E-02
   0.882101      0.190285E-02
   0.891660      0.182292E-02
   0.901095      0.173975E-02
   0.910384      0.165305E-02
   0.919500      0.156259E-02
   0.928413      0.146818E-02
   0.937092      0.136973E-02
   0.945507      0.126734E-02
   0.953628      0.116137E-02
   0.961428      0.105253E-02
   0.968886      0.941985E-03
   0.975986      0.831384E-03
   0.982719      0.722703E-03
   0.989083      0.618819E-03
   0.995083      0.519319E-03
    1.00000      0.452618E-03
    1.00010       0.00000    
    1.00525       0.00000    
    1.01086       0.00000    
    1.01698       0.00000    
    1.02364       0.00000    
    1.03090       0.00000    
    1.03881       0.00000    
    1.04743       0.00000    
    1.05682       0.00000    
    1.06704       0.00000    
    1.07818       0.00000    
    1.09032       0.00000    
    1.10353       0.00000    
    1.11793       0.00000    
    1.13361       0.00000    
    1.15069       0.00000    
    1.16929       0.00000    
    1.18955       0.00000    
    1.21162       0.00000    
    1.23566       0.00000    
    1.26184       0.00000    
    1.29036       0.00000    
    1.32141       0.00000    
    1.35524       0.00000    
    1.39208       0.00000    
    1.43220       0.00000    
    1.47590       0.00000    
    1.52349       0.00000    
    1.57533       0.00000    
    1.63178       0.00000    
    1.69326       0.00000    
    1.76021       0.00000    
    1.83313       0.00000    
    1.91254       0.00000    
    1.99902       0.00000    

   0.223492E-03  0.771348E-04
   0.403039E-03  0.299326E-03
   0.639178E-03  0.522691E-03
   0.934166E-03  0.749112E-03
   0.129008E-02  0.967794E-03
   0.170851E-02  0.118078E-02
   0.219055E-02  0.137854E-02
   0.273710E-02  0.156034E-02
   0.334860E-02  0.172215E-02
   0.402521E-02  0.186066E-02
   0.476672E-02  0.197692E-02
   0.557277E-02  0.206765E-02
   0.644276E-02  0.213650E-02
   0.737605E-02  0.218191E-02
   0.837193E-02  0.220819E-02
   0.942976E-02  0.221543E-02
   0.105489E-01  0.220771E-02
   0.117290E-01  0.218585E-02
   0.129697E-01  0.215355E-02
   0.142709E-01  0.211150E-02
   0.156327E-01  0.206307E-02
   0.170556E-01  0.200836E-02
   0.185400E-01  0.195049E-02
   0.200870E-01  0.188887E-02
   0.216977E-01  0.182646E-02
   0.233734E-01  0.176203E-02
   0.251160E-01  0.169842E-02
   0.269274E-01  0.163392E-02
   0.288100E-01  0.157124E-02
   0.307664E-01  0.150842E-02
   0.327997E-01  0.144794E-02
   0.349133E-01  0.138787E-02
   0.371107E-01  0.133020E-02
   0.393963E-01  0.127348E-02
   0.417745E-01  0.121889E-02
   0.442503E-01  0.116576E-02
   0.468293E-01  0.111433E-02
   0.495175E-01  0.106477E-02
   0.523212E-01  0.101653E-02
   0.552477E-01  0.970243E-03
   0.583047E-01  0.925266E-03
   0.615004E-01  0.881898E-03
   0.648438E-01  0.840067E-03
   0.683446E-01  0.799512E-03
   0.720130E-01  0.760437E-03
   0.758600E-01  0.722677E-03
   0.798973E-01  0.686135E-03
   0.841369E-01  0.650872E-03
   0.885915E-01  0.616832E-03
   0.932740E-01  0.583932E-03
   0.981975E-01  0.552174E-03
   0.103375      0.521557E-03
   0.108819      0.492070E-03
   0.114541      0.463702E-03
   0.120553      0.436484E-03
   0.126862      0.410485E-03
   0.133477      0.385851E-03
   0.140401      0.362950E-03
   0.147636      0.342744E-03
   0.155181      0.329736E-03
   0.163032      0.551813E-03
   0.171181      0.266360E-02
   0.179618      0.386027E-02
   0.188331      0.401578E-02
   0.197305      0.384191E-02
   0.206525      0.366117E-02
   0.215975      0.351479E-02
   0.225637      0.339662E-02
   0.235496      0.329747E-02
   0.245536      0.321111E-02
   0.255741      0.313384E-02
   0.266096      0.306354E-02
   0.276589      0.299893E-02
   0.287205      0.293929E-02
   0.297934      0.288414E-02
   0.308761      0.283316E-02
   0.319676      0.278616E-02
   0.330666      0.274302E-02
   0.341717      0.270372E-02
   0.352814      0.266841E-02
   0.363939      0.263713E-02
   0.375074      0.261122E-02
   0.386199      0.258914E-02
   0.397300      0.258273E-02
   0.408374      0.258129E-02
   0.419430      0.256295E-02
   0.430482      0.253888E-02
   0.441539      0.251258E-02
   0.452607      0.248519E-02
   0.463692      0.245757E-02
   0.474796      0.243015E-02
   0.485921      0.240319E-02
   0.497069      0.237685E-02
   0.508241      0.235120E-02
   0.519436      0.232629E-02
   0.530654      0.230214E-02
   0.541895      0.227874E-02
   0.553158      0.225608E-02
   0.564442      0.223413E-02
   0.575744      0.221287E-02
   0.587064      0.219227E-02
   0.598400      0.217230E-02
   0.609748      0.215293E-02
   0.621106      0.213412E-02
   0.632471      0.211585E-02
   0.643838      0.209809E-02
   0.655205      0.208079E-02
   0.666568      0.206393E-02
   0.677927      0.204745E-02
   0.689281      0.203134E-02
   0.700629      0.201553E-02
   0.711969      0.199999E-02
   0.723303      0.198467E-02
   0.734630      0.196952E-02
   0.745948      0.195448E-02
   0.757258      0.193951E-02
   0.768557      0.192452E-02
   0.779844      0.190947E-02
   0.791116      0.189427E-02
   0.802370      0.187885E-02
   0.813600      0.186311E-02
   0.824800      0.184695E-02
   0.835960      0.183026E-02
   0.847070      0.181291E-02
   0.858113      0.179475E-02
   0.869070      0.177564E-02
   0.879919      0.175538E-02
   0.890631      0.173378E-02
   0.901170      0.171059E-02
   0.911499      0.168558E-02
   0.921574      0.165843E-02
   0.931351      0.162882E-02
   0.940784      0.159637E-02
   0.949832      0.156061E-02
   0.958461      0.152099E-02
   0.966645      0.147682E-02
   0.974371      0.142731E-02
   0.981635      0.137101E-02
   0.988445      0.130915E-02
   0.994815      0.122970E-02
    1.00000      0.122243E-02
    1.00010       0.00000    
    1.00525       0.00000    
    1.01086       0.00000    
    1.01698       0.00000    
    1.02364       0.00000    
    1.03090       0.00000    
    1.03881       0.00000    
    1.04743       0.00000    
    1.05682       0.00000    
    1.06704       0.00000    
    1.07818       0.00000    
    1.09032       0.00000    
    1.10353       0.00000    
    1.11793       0.00000    
    1.13361       0.00000    
    1.15069       0.00000    
    1.16929       0.00000    
    1.18955       0.00000    
    1.21162       0.00000    
    1.23566       0.00000    
    1.26184       0.00000    
    1.29036       0.00000    
    1.32141       0.00000    
    1.35524       0.00000    
    1.39208       0.00000    
    1.43220       0.00000    
    1.47590       0.00000    
    1.52349       0.00000    
    1.57533       0.00000    
    1.63178       0.00000    
    1.69326       0.00000    
    1.76021       0.00000    
    1.83313       0.00000    
    1.91254       0.00000    
    1.99902       0.00000    

