#  NACA 4417                                       
#  alpha =   2.0000
#  Mach  =   0.0000
#  Reyn  = 20000000
#  Ncrit =   9.0000
#
#    x           cf
   0.639178E-03  0.138110E-03
   0.403039E-03  0.360493E-03
   0.223492E-03  0.575221E-03
   0.983052E-04  0.780164E-03
   0.249266E-04  0.972049E-03
   0.279266E-07  0.115317E-02
   0.214136E-04  0.132520E-02
   0.894940E-04  0.148725E-02
   0.205926E-03  0.163677E-02
   0.371664E-03  0.177377E-02
   0.587159E-03  0.189641E-02
   0.853062E-03  0.200331E-02
   0.117003E-02  0.209658E-02
   0.153851E-02  0.217352E-02
   0.195874E-02  0.223735E-02
   0.243096E-02  0.228678E-02
   0.295545E-02  0.232370E-02
   0.353243E-02  0.234919E-02
   0.416216E-02  0.236359E-02
   0.484492E-02  0.236913E-02
   0.558107E-02  0.236593E-02
   0.637104E-02  0.235565E-02
   0.721537E-02  0.233936E-02
   0.811471E-02  0.231724E-02
   0.906980E-02  0.229159E-02
   0.100816E-01  0.226116E-02
   0.111511E-01  0.222909E-02
   0.122796E-01  0.219325E-02
   0.134684E-01  0.215701E-02
   0.147191E-01  0.211799E-02
   0.160334E-01  0.207931E-02
   0.174134E-01  0.203871E-02
   0.188611E-01  0.199888E-02
   0.203791E-01  0.195781E-02
   0.219698E-01  0.191778E-02
   0.236361E-01  0.187700E-02
   0.253812E-01  0.183741E-02
   0.272085E-01  0.179742E-02
   0.291215E-01  0.175867E-02
   0.311243E-01  0.171981E-02
   0.332211E-01  0.168210E-02
   0.354164E-01  0.164460E-02
   0.377151E-01  0.160799E-02
   0.401224E-01  0.157196E-02
   0.426437E-01  0.153649E-02
   0.452848E-01  0.150189E-02
   0.480519E-01  0.146766E-02
   0.509512E-01  0.143427E-02
   0.539893E-01  0.140140E-02
   0.571731E-01  0.136904E-02
   0.605093E-01  0.133738E-02
   0.640051E-01  0.130617E-02
   0.676674E-01  0.127544E-02
   0.715029E-01  0.124527E-02
   0.755182E-01  0.121552E-02
   0.797194E-01  0.118617E-02
   0.841122E-01  0.115725E-02
   0.887014E-01  0.112873E-02
   0.934910E-01  0.110054E-02
   0.984841E-01  0.107268E-02
   0.103683      0.104514E-02
   0.109087      0.101791E-02
   0.114697      0.990947E-03
   0.120509      0.964247E-03
   0.126522      0.937796E-03
   0.132730      0.911580E-03
   0.139128      0.885591E-03
   0.145709      0.859816E-03
   0.152466      0.834243E-03
   0.159391      0.808863E-03
   0.166475      0.783665E-03
   0.173710      0.758640E-03
   0.181086      0.733777E-03
   0.188597      0.709066E-03
   0.196233      0.684495E-03
   0.203986      0.660052E-03
   0.211850      0.635724E-03
   0.219816      0.611497E-03
   0.227878      0.587356E-03
   0.236031      0.563285E-03
   0.244267      0.539269E-03
   0.252583      0.515293E-03
   0.260974      0.491345E-03
   0.269434      0.467424E-03
   0.277962      0.443545E-03
   0.286553      0.419771E-03
   0.295204      0.396263E-03
   0.303913      0.373471E-03
   0.312677      0.352500E-03
   0.321497      0.338220E-03
   0.330370      0.347687E-03
   0.339297      0.338499E-02
   0.348277      0.575086E-02
   0.357313      0.648040E-02
   0.366406      0.640017E-02
   0.375560      0.615222E-02
   0.384782      0.590722E-02
   0.394077      0.567866E-02
   0.403461      0.545329E-02
   0.412938      0.528600E-02
   0.422492      0.515166E-02
   0.432115      0.503329E-02
   0.441798      0.492463E-02
   0.451532      0.482313E-02
   0.461312      0.472693E-02
   0.471133      0.463509E-02
   0.480990      0.454694E-02
   0.490878      0.446201E-02
   0.500795      0.437994E-02
   0.510737      0.430044E-02
   0.520703      0.422328E-02
   0.530689      0.414823E-02
   0.540694      0.407511E-02
   0.550716      0.400374E-02
   0.560754      0.393397E-02
   0.570805      0.386565E-02
   0.580869      0.379865E-02
   0.590944      0.373284E-02
   0.601028      0.366812E-02
   0.611122      0.360436E-02
   0.621224      0.354146E-02
   0.631332      0.347932E-02
   0.641445      0.341784E-02
   0.651563      0.335693E-02
   0.661685      0.329650E-02
   0.671809      0.323644E-02
   0.681935      0.317668E-02
   0.692061      0.311711E-02
   0.702187      0.305764E-02
   0.712311      0.299819E-02
   0.722433      0.293865E-02
   0.732550      0.287893E-02
   0.742662      0.281891E-02
   0.752767      0.275850E-02
   0.762864      0.269757E-02
   0.772950      0.263601E-02
   0.783024      0.257369E-02
   0.793082      0.251047E-02
   0.803122      0.244620E-02
   0.813139      0.238072E-02
   0.823130      0.231387E-02
   0.833089      0.224545E-02
   0.843009      0.217528E-02
   0.852881      0.210312E-02
   0.862696      0.202874E-02
   0.872441      0.195190E-02
   0.882101      0.187234E-02
   0.891660      0.178977E-02
   0.901095      0.170393E-02
   0.910384      0.161456E-02
   0.919500      0.152145E-02
   0.928413      0.142447E-02
   0.937092      0.132361E-02
   0.945507      0.121909E-02
   0.953628      0.111144E-02
   0.961428      0.100158E-02
   0.968886      0.890874E-03
   0.975986      0.781153E-03
   0.982719      0.674501E-03
   0.989083      0.573711E-03
   0.995083      0.479270E-03
    1.00000      0.415330E-03
    1.00010       0.00000    
    1.00525       0.00000    
    1.01086       0.00000    
    1.01698       0.00000    
    1.02365       0.00000    
    1.03091       0.00000    
    1.03882       0.00000    
    1.04744       0.00000    
    1.05683       0.00000    
    1.06706       0.00000    
    1.07820       0.00000    
    1.09034       0.00000    
    1.10356       0.00000    
    1.11796       0.00000    
    1.13364       0.00000    
    1.15073       0.00000    
    1.16934       0.00000    
    1.18961       0.00000    
    1.21168       0.00000    
    1.23573       0.00000    
    1.26192       0.00000    
    1.29044       0.00000    
    1.32151       0.00000    
    1.35534       0.00000    
    1.39220       0.00000    
    1.43233       0.00000    
    1.47604       0.00000    
    1.52365       0.00000    
    1.57549       0.00000    
    1.63196       0.00000    
    1.69345       0.00000    
    1.76042       0.00000    
    1.83335       0.00000    
    1.91277       0.00000    
    1.99927       0.00000    

   0.934166E-03  0.884320E-04
   0.129008E-02  0.315512E-03
   0.170851E-02  0.538608E-03
   0.219055E-02  0.753726E-03
   0.273710E-02  0.955980E-03
   0.334860E-02  0.114291E-02
   0.402521E-02  0.130998E-02
   0.476672E-02  0.145723E-02
   0.557277E-02  0.158125E-02
   0.644276E-02  0.168424E-02
   0.737605E-02  0.176450E-02
   0.837193E-02  0.182527E-02
   0.942976E-02  0.186643E-02
   0.105489E-01  0.189139E-02
   0.117290E-01  0.190087E-02
   0.129697E-01  0.189814E-02
   0.142709E-01  0.188396E-02
   0.156327E-01  0.186142E-02
   0.170556E-01  0.183083E-02
   0.185400E-01  0.179512E-02
   0.200870E-01  0.175398E-02
   0.216977E-01  0.171024E-02
   0.233734E-01  0.166296E-02
   0.251160E-01  0.161490E-02
   0.269274E-01  0.156463E-02
   0.288100E-01  0.151480E-02
   0.307664E-01  0.146372E-02
   0.327997E-01  0.141379E-02
   0.349133E-01  0.136333E-02
   0.371107E-01  0.131431E-02
   0.393963E-01  0.126543E-02
   0.417745E-01  0.121790E-02
   0.442503E-01  0.117112E-02
   0.468293E-01  0.112542E-02
   0.495175E-01  0.108099E-02
   0.523212E-01  0.103737E-02
   0.552477E-01  0.995208E-03
   0.583047E-01  0.953923E-03
   0.615004E-01  0.913849E-03
   0.648438E-01  0.874940E-03
   0.683446E-01  0.836979E-03
   0.720130E-01  0.800192E-03
   0.758600E-01  0.764439E-03
   0.798973E-01  0.729651E-03
   0.841369E-01  0.695908E-03
   0.885915E-01  0.663171E-03
   0.932740E-01  0.631375E-03
   0.981975E-01  0.600537E-03
   0.103375      0.570662E-03
   0.108819      0.541744E-03
   0.114541      0.513767E-03
   0.120553      0.486740E-03
   0.126862      0.460676E-03
   0.133477      0.435586E-03
   0.140401      0.411487E-03
   0.147636      0.388396E-03
   0.155181      0.366335E-03
   0.163032      0.345329E-03
   0.171181      0.325410E-03
   0.179618      0.306630E-03
   0.188331      0.289074E-03
   0.197305      0.272938E-03
   0.206525      0.258670E-03
   0.215975      0.248093E-03
   0.225637      0.248051E-03
   0.235496      0.949312E-03
   0.245536      0.273826E-02
   0.255741      0.345764E-02
   0.266096      0.345011E-02
   0.276589      0.329914E-02
   0.287205      0.316230E-02
   0.297934      0.305409E-02
   0.308761      0.296807E-02
   0.319676      0.289743E-02
   0.330666      0.283762E-02
   0.341717      0.278595E-02
   0.352814      0.274101E-02
   0.363939      0.270190E-02
   0.375074      0.266946E-02
   0.386199      0.264156E-02
   0.397300      0.263075E-02
   0.408374      0.262515E-02
   0.419430      0.260161E-02
   0.430482      0.257304E-02
   0.441539      0.254317E-02
   0.452607      0.251308E-02
   0.463692      0.248352E-02
   0.474796      0.245476E-02
   0.485921      0.242694E-02
   0.497069      0.240011E-02
   0.508241      0.237425E-02
   0.519436      0.234934E-02
   0.530654      0.232534E-02
   0.541895      0.230219E-02
   0.553158      0.227985E-02
   0.564442      0.225827E-02
   0.575744      0.223741E-02
   0.587064      0.221724E-02
   0.598400      0.219770E-02
   0.609748      0.217878E-02
   0.621106      0.216042E-02
   0.632471      0.214260E-02
   0.643838      0.212529E-02
   0.655205      0.210845E-02
   0.666568      0.209205E-02
   0.677927      0.207605E-02
   0.689281      0.206041E-02
   0.700629      0.204511E-02
   0.711969      0.203008E-02
   0.723303      0.201529E-02
   0.734630      0.200069E-02
   0.745948      0.198624E-02
   0.757258      0.197187E-02
   0.768557      0.195753E-02
   0.779844      0.194316E-02
   0.791116      0.192868E-02
   0.802370      0.191402E-02
   0.813600      0.189909E-02
   0.824800      0.188380E-02
   0.835960      0.186803E-02
   0.847070      0.185167E-02
   0.858113      0.183458E-02
   0.869070      0.181660E-02
   0.879919      0.179756E-02
   0.890631      0.177726E-02
   0.901170      0.175547E-02
   0.911499      0.173194E-02
   0.921574      0.170638E-02
   0.931351      0.167844E-02
   0.940784      0.164774E-02
   0.949832      0.161378E-02
   0.958461      0.157597E-02
   0.966645      0.153353E-02
   0.974371      0.148554E-02
   0.981635      0.143025E-02
   0.988445      0.136884E-02
   0.994815      0.128645E-02
    1.00000      0.128778E-02
    1.00010       0.00000    
    1.00525       0.00000    
    1.01086       0.00000    
    1.01698       0.00000    
    1.02365       0.00000    
    1.03091       0.00000    
    1.03882       0.00000    
    1.04744       0.00000    
    1.05683       0.00000    
    1.06706       0.00000    
    1.07820       0.00000    
    1.09034       0.00000    
    1.10356       0.00000    
    1.11796       0.00000    
    1.13364       0.00000    
    1.15073       0.00000    
    1.16934       0.00000    
    1.18961       0.00000    
    1.21168       0.00000    
    1.23573       0.00000    
    1.26192       0.00000    
    1.29044       0.00000    
    1.32151       0.00000    
    1.35534       0.00000    
    1.39220       0.00000    
    1.43233       0.00000    
    1.47604       0.00000    
    1.52365       0.00000    
    1.57549       0.00000    
    1.63196       0.00000    
    1.69345       0.00000    
    1.76042       0.00000    
    1.83335       0.00000    
    1.91277       0.00000    
    1.99927       0.00000    

