#  NACA 4417                                       
#  alpha =   1.0000
#  Mach  =   0.0000
#  Reyn  = 20000000
#  Ncrit =   7.5000
#
#    x           cf
   0.983052E-04  0.139399E-03
   0.249266E-04  0.342693E-03
   0.279266E-07  0.538260E-03
   0.214136E-04  0.722252E-03
   0.894940E-04  0.901526E-03
   0.205926E-03  0.106839E-02
   0.371664E-03  0.122634E-02
   0.587159E-03  0.137018E-02
   0.853062E-03  0.150075E-02
   0.117003E-02  0.161781E-02
   0.153851E-02  0.171981E-02
   0.195874E-02  0.180870E-02
   0.243096E-02  0.188333E-02
   0.295545E-02  0.194525E-02
   0.353243E-02  0.199518E-02
   0.416216E-02  0.203349E-02
   0.484492E-02  0.206203E-02
   0.558107E-02  0.208099E-02
   0.637104E-02  0.209186E-02
   0.721537E-02  0.209564E-02
   0.811471E-02  0.209259E-02
   0.906980E-02  0.208482E-02
   0.100816E-01  0.207133E-02
   0.111511E-01  0.205500E-02
   0.122796E-01  0.203402E-02
   0.134684E-01  0.201154E-02
   0.147191E-01  0.198545E-02
   0.160334E-01  0.195870E-02
   0.174134E-01  0.192929E-02
   0.188611E-01  0.189977E-02
   0.203791E-01  0.186834E-02
   0.219698E-01  0.183718E-02
   0.236361E-01  0.180468E-02
   0.253812E-01  0.177271E-02
   0.272085E-01  0.173981E-02
   0.291215E-01  0.170759E-02
   0.311243E-01  0.167481E-02
   0.332211E-01  0.164269E-02
   0.354164E-01  0.161038E-02
   0.377151E-01  0.157856E-02
   0.401224E-01  0.154697E-02
   0.426437E-01  0.151560E-02
   0.452848E-01  0.148478E-02
   0.480519E-01  0.145406E-02
   0.509512E-01  0.142391E-02
   0.539893E-01  0.139403E-02
   0.571731E-01  0.136445E-02
   0.605093E-01  0.133536E-02
   0.640051E-01  0.130651E-02
   0.676674E-01  0.127799E-02
   0.715029E-01  0.124986E-02
   0.755182E-01  0.122200E-02
   0.797194E-01  0.119441E-02
   0.841122E-01  0.116712E-02
   0.887014E-01  0.114012E-02
   0.934910E-01  0.111335E-02
   0.984841E-01  0.108681E-02
   0.103683      0.106052E-02
   0.109087      0.103445E-02
   0.114697      0.100859E-02
   0.120509      0.982925E-03
   0.126522      0.957457E-03
   0.132730      0.932179E-03
   0.139128      0.907084E-03
   0.145709      0.882167E-03
   0.152466      0.857421E-03
   0.159391      0.832839E-03
   0.166475      0.808417E-03
   0.173710      0.784148E-03
   0.181086      0.760025E-03
   0.188597      0.736041E-03
   0.196233      0.712188E-03
   0.203986      0.688456E-03
   0.211850      0.664836E-03
   0.219816      0.641315E-03
   0.227878      0.617880E-03
   0.236031      0.594518E-03
   0.244267      0.571214E-03
   0.252583      0.547953E-03
   0.260974      0.524718E-03
   0.269434      0.501499E-03
   0.277962      0.478288E-03
   0.286553      0.455097E-03
   0.295204      0.431976E-03
   0.303913      0.409065E-03
   0.312677      0.386773E-03
   0.321497      0.366117E-03
   0.330370      0.351850E-03
   0.339297      0.713665E-03
   0.348277      0.365406E-02
   0.357313      0.568539E-02
   0.366406      0.624029E-02
   0.375560      0.612509E-02
   0.384782      0.588712E-02
   0.394077      0.564495E-02
   0.403461      0.540768E-02
   0.412938      0.523314E-02
   0.422492      0.509467E-02
   0.432115      0.497425E-02
   0.441798      0.486498E-02
   0.451532      0.476388E-02
   0.461312      0.466878E-02
   0.471133      0.457854E-02
   0.480990      0.449234E-02
   0.490878      0.440960E-02
   0.500795      0.432989E-02
   0.510737      0.425288E-02
   0.520703      0.417827E-02
   0.530689      0.410582E-02
   0.540694      0.403532E-02
   0.550716      0.396659E-02
   0.560754      0.389945E-02
   0.570805      0.383375E-02
   0.580869      0.376935E-02
   0.590944      0.370613E-02
   0.601028      0.364396E-02
   0.611122      0.358272E-02
   0.621224      0.352232E-02
   0.631332      0.346266E-02
   0.641445      0.340363E-02
   0.651563      0.334513E-02
   0.661685      0.328709E-02
   0.671809      0.322940E-02
   0.681935      0.317199E-02
   0.692061      0.311475E-02
   0.702187      0.305759E-02
   0.712311      0.300043E-02
   0.722433      0.294317E-02
   0.732550      0.288572E-02
   0.742662      0.282796E-02
   0.752767      0.276980E-02
   0.762864      0.271113E-02
   0.772950      0.265183E-02
   0.783024      0.259176E-02
   0.793082      0.253081E-02
   0.803122      0.246882E-02
   0.813139      0.240564E-02
   0.823130      0.234111E-02
   0.833089      0.227504E-02
   0.843009      0.220723E-02
   0.852881      0.213748E-02
   0.862696      0.206554E-02
   0.872441      0.199119E-02
   0.882101      0.191415E-02
   0.891660      0.183414E-02
   0.901095      0.175089E-02
   0.910384      0.166411E-02
   0.919500      0.157355E-02
   0.928413      0.147901E-02
   0.937092      0.138040E-02
   0.945507      0.127778E-02
   0.953628      0.117149E-02
   0.961428      0.106220E-02
   0.968886      0.951051E-03
   0.975986      0.839671E-03
   0.982719      0.730031E-03
   0.989083      0.624983E-03
   0.995083      0.523872E-03
    1.00000      0.456357E-03
    1.00010       0.00000    
    1.00525       0.00000    
    1.01086       0.00000    
    1.01698       0.00000    
    1.02364       0.00000    
    1.03090       0.00000    
    1.03881       0.00000    
    1.04743       0.00000    
    1.05682       0.00000    
    1.06704       0.00000    
    1.07818       0.00000    
    1.09032       0.00000    
    1.10353       0.00000    
    1.11793       0.00000    
    1.13361       0.00000    
    1.15069       0.00000    
    1.16929       0.00000    
    1.18955       0.00000    
    1.21162       0.00000    
    1.23566       0.00000    
    1.26184       0.00000    
    1.29036       0.00000    
    1.32141       0.00000    
    1.35524       0.00000    
    1.39208       0.00000    
    1.43220       0.00000    
    1.47590       0.00000    
    1.52349       0.00000    
    1.57533       0.00000    
    1.63178       0.00000    
    1.69326       0.00000    
    1.76021       0.00000    
    1.83313       0.00000    
    1.91254       0.00000    
    1.99902       0.00000    

   0.223492E-03  0.751111E-04
   0.403039E-03  0.297279E-03
   0.639178E-03  0.520653E-03
   0.934166E-03  0.747082E-03
   0.129008E-02  0.965794E-03
   0.170851E-02  0.117883E-02
   0.219055E-02  0.137664E-02
   0.273710E-02  0.155852E-02
   0.334860E-02  0.172040E-02
   0.402521E-02  0.185901E-02
   0.476672E-02  0.197537E-02
   0.557277E-02  0.206620E-02
   0.644276E-02  0.213516E-02
   0.737605E-02  0.218069E-02
   0.837193E-02  0.220708E-02
   0.942976E-02  0.221442E-02
   0.105489E-01  0.220680E-02
   0.117290E-01  0.218504E-02
   0.129697E-01  0.215283E-02
   0.142709E-01  0.211087E-02
   0.156327E-01  0.206251E-02
   0.170556E-01  0.200787E-02
   0.185400E-01  0.195007E-02
   0.200870E-01  0.188852E-02
   0.216977E-01  0.182616E-02
   0.233734E-01  0.176178E-02
   0.251160E-01  0.169822E-02
   0.269274E-01  0.163376E-02
   0.288100E-01  0.157112E-02
   0.307664E-01  0.150834E-02
   0.327997E-01  0.144788E-02
   0.349133E-01  0.138784E-02
   0.371107E-01  0.133020E-02
   0.393963E-01  0.127350E-02
   0.417745E-01  0.121893E-02
   0.442503E-01  0.116582E-02
   0.468293E-01  0.111441E-02
   0.495175E-01  0.106485E-02
   0.523212E-01  0.101663E-02
   0.552477E-01  0.970358E-03
   0.583047E-01  0.925391E-03
   0.615004E-01  0.882033E-03
   0.648438E-01  0.840210E-03
   0.683446E-01  0.799661E-03
   0.720130E-01  0.760592E-03
   0.758600E-01  0.722837E-03
   0.798973E-01  0.686298E-03
   0.841369E-01  0.651037E-03
   0.885915E-01  0.616997E-03
   0.932740E-01  0.584094E-03
   0.981975E-01  0.552330E-03
   0.103375      0.521701E-03
   0.108819      0.492192E-03
   0.114541      0.463787E-03
   0.120553      0.436504E-03
   0.126862      0.410384E-03
   0.133477      0.385513E-03
   0.140401      0.362083E-03
   0.147636      0.340556E-03
   0.155181      0.322519E-03
   0.163032      0.314397E-03
   0.171181      0.763575E-03
   0.179618      0.290937E-02
   0.188331      0.391619E-02
   0.197305      0.395801E-02
   0.206525      0.377008E-02
   0.215975      0.359470E-02
   0.225637      0.345493E-02
   0.235496      0.334214E-02
   0.245536      0.324728E-02
   0.255741      0.316452E-02
   0.266096      0.309041E-02
   0.276589      0.302302E-02
   0.287205      0.296120E-02
   0.297934      0.290424E-02
   0.308761      0.285173E-02
   0.319676      0.280339E-02
   0.330666      0.275907E-02
   0.341717      0.271872E-02
   0.352814      0.268247E-02
   0.363939      0.265035E-02
   0.375074      0.262367E-02
   0.386199      0.260089E-02
   0.397300      0.259393E-02
   0.408374      0.259198E-02
   0.419430      0.257299E-02
   0.430482      0.254830E-02
   0.441539      0.252144E-02
   0.452607      0.249356E-02
   0.463692      0.246552E-02
   0.474796      0.243772E-02
   0.485921      0.241044E-02
   0.497069      0.238381E-02
   0.508241      0.235792E-02
   0.519436      0.233279E-02
   0.530654      0.230843E-02
   0.541895      0.228485E-02
   0.553158      0.226202E-02
   0.564442      0.223992E-02
   0.575744      0.221851E-02
   0.587064      0.219777E-02
   0.598400      0.217767E-02
   0.609748      0.215817E-02
   0.621106      0.213925E-02
   0.632471      0.212086E-02
   0.643838      0.210298E-02
   0.655205      0.208557E-02
   0.666568      0.206859E-02
   0.677927      0.205202E-02
   0.689281      0.203580E-02
   0.700629      0.201989E-02
   0.711969      0.200425E-02
   0.723303      0.198883E-02
   0.734630      0.197358E-02
   0.745948      0.195845E-02
   0.757258      0.194338E-02
   0.768557      0.192831E-02
   0.779844      0.191316E-02
   0.791116      0.189787E-02
   0.802370      0.188236E-02
   0.813600      0.186653E-02
   0.824800      0.185028E-02
   0.835960      0.183350E-02
   0.847070      0.181606E-02
   0.858113      0.179782E-02
   0.869070      0.177862E-02
   0.879919      0.175827E-02
   0.890631      0.173657E-02
   0.901170      0.171329E-02
   0.911499      0.168817E-02
   0.921574      0.166092E-02
   0.931351      0.163121E-02
   0.940784      0.159863E-02
   0.949832      0.156274E-02
   0.958461      0.152298E-02
   0.966645      0.147864E-02
   0.974371      0.142892E-02
   0.981635      0.137236E-02
   0.988445      0.131014E-02
   0.994815      0.122995E-02
    1.00000      0.122213E-02
    1.00010       0.00000    
    1.00525       0.00000    
    1.01086       0.00000    
    1.01698       0.00000    
    1.02364       0.00000    
    1.03090       0.00000    
    1.03881       0.00000    
    1.04743       0.00000    
    1.05682       0.00000    
    1.06704       0.00000    
    1.07818       0.00000    
    1.09032       0.00000    
    1.10353       0.00000    
    1.11793       0.00000    
    1.13361       0.00000    
    1.15069       0.00000    
    1.16929       0.00000    
    1.18955       0.00000    
    1.21162       0.00000    
    1.23566       0.00000    
    1.26184       0.00000    
    1.29036       0.00000    
    1.32141       0.00000    
    1.35524       0.00000    
    1.39208       0.00000    
    1.43220       0.00000    
    1.47590       0.00000    
    1.52349       0.00000    
    1.57533       0.00000    
    1.63178       0.00000    
    1.69326       0.00000    
    1.76021       0.00000    
    1.83313       0.00000    
    1.91254       0.00000    
    1.99902       0.00000    

