#  NACA 4417                                       
#  alpha =   4.0000
#  Mach  =   0.0000
#  Reyn  = 20000000
#  Ncrit =   8.0000
#
#    x           cf
   0.334860E-02  0.343400E-04
   0.273710E-02  0.263185E-03
   0.219055E-02  0.495353E-03
   0.170851E-02  0.736970E-03
   0.129008E-02  0.970505E-03
   0.934166E-03  0.120480E-02
   0.639178E-03  0.142442E-02
   0.403039E-03  0.163553E-02
   0.223492E-03  0.182915E-02
   0.983052E-04  0.200986E-02
   0.249266E-04  0.217142E-02
   0.279266E-07  0.232310E-02
   0.214136E-04  0.246631E-02
   0.894940E-04  0.259444E-02
   0.205926E-03  0.270345E-02
   0.371664E-03  0.279673E-02
   0.587159E-03  0.287309E-02
   0.853062E-03  0.293052E-02
   0.117003E-02  0.297363E-02
   0.153851E-02  0.299873E-02
   0.195874E-02  0.301091E-02
   0.243096E-02  0.300889E-02
   0.295545E-02  0.299515E-02
   0.353243E-02  0.297144E-02
   0.416216E-02  0.293808E-02
   0.484492E-02  0.289792E-02
   0.558107E-02  0.285103E-02
   0.637104E-02  0.279928E-02
   0.721537E-02  0.274392E-02
   0.811471E-02  0.268488E-02
   0.906980E-02  0.262484E-02
   0.100816E-01  0.256205E-02
   0.111511E-01  0.250007E-02
   0.122796E-01  0.243619E-02
   0.134684E-01  0.237417E-02
   0.147191E-01  0.231107E-02
   0.160334E-01  0.225032E-02
   0.174134E-01  0.218919E-02
   0.188611E-01  0.213058E-02
   0.203791E-01  0.207210E-02
   0.219698E-01  0.201616E-02
   0.236361E-01  0.196066E-02
   0.253812E-01  0.190764E-02
   0.272085E-01  0.185525E-02
   0.291215E-01  0.180521E-02
   0.311243E-01  0.175595E-02
   0.332211E-01  0.170876E-02
   0.354164E-01  0.166256E-02
   0.377151E-01  0.161801E-02
   0.401224E-01  0.157473E-02
   0.426437E-01  0.153262E-02
   0.452848E-01  0.149199E-02
   0.480519E-01  0.145225E-02
   0.509512E-01  0.141384E-02
   0.539893E-01  0.137639E-02
   0.571731E-01  0.133987E-02
   0.605093E-01  0.130442E-02
   0.640051E-01  0.126975E-02
   0.676674E-01  0.123588E-02
   0.715029E-01  0.120284E-02
   0.755182E-01  0.117047E-02
   0.797194E-01  0.113874E-02
   0.841122E-01  0.110764E-02
   0.887014E-01  0.107711E-02
   0.934910E-01  0.104707E-02
   0.984841E-01  0.101751E-02
   0.103683      0.988388E-03
   0.109087      0.959676E-03
   0.114697      0.931328E-03
   0.120509      0.903315E-03
   0.126522      0.875613E-03
   0.132730      0.848198E-03
   0.139128      0.821048E-03
   0.145709      0.794146E-03
   0.152466      0.767470E-03
   0.159391      0.741006E-03
   0.166475      0.714740E-03
   0.173710      0.688663E-03
   0.181086      0.662772E-03
   0.188597      0.637070E-03
   0.196233      0.611580E-03
   0.203986      0.586360E-03
   0.211850      0.561541E-03
   0.219816      0.537470E-03
   0.227878      0.514974E-03
   0.236031      0.497784E-03
   0.244267      0.500105E-03
   0.252583      0.285068E-02
   0.260974      0.631722E-02
   0.269434      0.756827E-02
   0.277962      0.751971E-02
   0.286553      0.722106E-02
   0.295204      0.694001E-02
   0.303913      0.670690E-02
   0.312677      0.651217E-02
   0.321497      0.634350E-02
   0.330370      0.619180E-02
   0.339297      0.605105E-02
   0.348277      0.591735E-02
   0.357313      0.578790E-02
   0.366406      0.566123E-02
   0.375560      0.553367E-02
   0.384782      0.540727E-02
   0.394077      0.526984E-02
   0.403461      0.511105E-02
   0.412938      0.498512E-02
   0.422492      0.487959E-02
   0.432115      0.478371E-02
   0.441798      0.469360E-02
   0.451532      0.460780E-02
   0.461312      0.452506E-02
   0.471133      0.444479E-02
   0.480990      0.436658E-02
   0.490878      0.429014E-02
   0.500795      0.421527E-02
   0.510737      0.414184E-02
   0.520703      0.406972E-02
   0.530689      0.399882E-02
   0.540694      0.392906E-02
   0.550716      0.386034E-02
   0.560754      0.379261E-02
   0.570805      0.372579E-02
   0.580869      0.365981E-02
   0.590944      0.359459E-02
   0.601028      0.353008E-02
   0.611122      0.346620E-02
   0.621224      0.340288E-02
   0.631332      0.334005E-02
   0.641445      0.327765E-02
   0.651563      0.321559E-02
   0.661685      0.315380E-02
   0.671809      0.309221E-02
   0.681935      0.303075E-02
   0.692061      0.296932E-02
   0.702187      0.290785E-02
   0.712311      0.284624E-02
   0.722433      0.278442E-02
   0.732550      0.272227E-02
   0.742662      0.265970E-02
   0.752767      0.259661E-02
   0.762864      0.253287E-02
   0.772950      0.246837E-02
   0.783024      0.240297E-02
   0.793082      0.233653E-02
   0.803122      0.226891E-02
   0.813139      0.219993E-02
   0.823130      0.212943E-02
   0.833089      0.205720E-02
   0.843009      0.198305E-02
   0.852881      0.190677E-02
   0.862696      0.182813E-02
   0.872441      0.174689E-02
   0.882101      0.166284E-02
   0.891660      0.157578E-02
   0.901095      0.148555E-02
   0.910384      0.139207E-02
   0.919500      0.129540E-02
   0.928413      0.119579E-02
   0.937092      0.109375E-02
   0.945507      0.990131E-03
   0.953628      0.886118E-03
   0.961428      0.783251E-03
   0.968886      0.683300E-03
   0.975986      0.588122E-03
   0.982719      0.499405E-03
   0.989083      0.418641E-03
   0.995083      0.346282E-03
    1.00000      0.296965E-03
    1.00010       0.00000    
    1.00525       0.00000    
    1.01086       0.00000    
    1.01698       0.00000    
    1.02365       0.00000    
    1.03092       0.00000    
    1.03883       0.00000    
    1.04746       0.00000    
    1.05685       0.00000    
    1.06708       0.00000    
    1.07823       0.00000    
    1.09038       0.00000    
    1.10360       0.00000    
    1.11801       0.00000    
    1.13371       0.00000    
    1.15080       0.00000    
    1.16942       0.00000    
    1.18970       0.00000    
    1.21179       0.00000    
    1.23585       0.00000    
    1.26205       0.00000    
    1.29059       0.00000    
    1.32167       0.00000    
    1.35552       0.00000    
    1.39239       0.00000    
    1.43254       0.00000    
    1.47626       0.00000    
    1.52388       0.00000    
    1.57574       0.00000    
    1.63221       0.00000    
    1.69371       0.00000    
    1.76069       0.00000    
    1.83362       0.00000    
    1.91304       0.00000    
    1.99952       0.00000    

   0.402521E-02  0.182678E-03
   0.476672E-02  0.380023E-03
   0.557277E-02  0.568122E-03
   0.644276E-02  0.727702E-03
   0.737605E-02  0.876376E-03
   0.837193E-02  0.997824E-03
   0.942976E-02  0.110483E-02
   0.105489E-01  0.119058E-02
   0.117290E-01  0.126061E-02
   0.129697E-01  0.131477E-02
   0.142709E-01  0.135494E-02
   0.156327E-01  0.138323E-02
   0.170556E-01  0.140037E-02
   0.185400E-01  0.140886E-02
   0.200870E-01  0.140886E-02
   0.216977E-01  0.140291E-02
   0.233734E-01  0.139063E-02
   0.251160E-01  0.137453E-02
   0.269274E-01  0.135377E-02
   0.288100E-01  0.133077E-02
   0.307664E-01  0.130440E-02
   0.327997E-01  0.127690E-02
   0.349133E-01  0.124704E-02
   0.371107E-01  0.121672E-02
   0.393963E-01  0.118495E-02
   0.417745E-01  0.115297E-02
   0.442503E-01  0.112038E-02
   0.468293E-01  0.108759E-02
   0.495175E-01  0.105488E-02
   0.523212E-01  0.102194E-02
   0.552477E-01  0.989459E-03
   0.583047E-01  0.956967E-03
   0.615004E-01  0.924861E-03
   0.648438E-01  0.893155E-03
   0.683446E-01  0.861713E-03
   0.720130E-01  0.830803E-03
   0.758600E-01  0.800337E-03
   0.798973E-01  0.770301E-03
   0.841369E-01  0.740813E-03
   0.885915E-01  0.711869E-03
   0.932740E-01  0.683445E-03
   0.981975E-01  0.655591E-03
   0.103375      0.628341E-03
   0.108819      0.601715E-03
   0.114541      0.575725E-03
   0.120553      0.550406E-03
   0.126862      0.525790E-03
   0.133477      0.501911E-03
   0.140401      0.478803E-03
   0.147636      0.456497E-03
   0.155181      0.435028E-03
   0.163032      0.414426E-03
   0.171181      0.394717E-03
   0.179618      0.375925E-03
   0.188331      0.358068E-03
   0.197305      0.341159E-03
   0.206525      0.325207E-03
   0.215975      0.310215E-03
   0.225637      0.296184E-03
   0.235496      0.283115E-03
   0.245536      0.271009E-03
   0.255741      0.259875E-03
   0.266096      0.249735E-03
   0.276589      0.240643E-03
   0.287205      0.232738E-03
   0.297934      0.226347E-03
   0.308761      0.222879E-03
   0.319676      0.227751E-03
   0.330666      0.973866E-03
   0.341717      0.238293E-02
   0.352814      0.295538E-02
   0.363939      0.297731E-02
   0.375074      0.288303E-02
   0.386199      0.279330E-02
   0.397300      0.273826E-02
   0.408374      0.270110E-02
   0.419430      0.265359E-02
   0.430482      0.260917E-02
   0.441539      0.256928E-02
   0.452607      0.253292E-02
   0.463692      0.249952E-02
   0.474796      0.246844E-02
   0.485921      0.243926E-02
   0.497069      0.241167E-02
   0.508241      0.238544E-02
   0.519436      0.236042E-02
   0.530654      0.233648E-02
   0.541895      0.231353E-02
   0.553158      0.229149E-02
   0.564442      0.227032E-02
   0.575744      0.224995E-02
   0.587064      0.223034E-02
   0.598400      0.221145E-02
   0.609748      0.219325E-02
   0.621106      0.217569E-02
   0.632471      0.215875E-02
   0.643838      0.214239E-02
   0.655205      0.212657E-02
   0.666568      0.211127E-02
   0.677927      0.209645E-02
   0.689281      0.208207E-02
   0.700629      0.206809E-02
   0.711969      0.205447E-02
   0.723303      0.204117E-02
   0.734630      0.202815E-02
   0.745948      0.201535E-02
   0.757258      0.200273E-02
   0.768557      0.199024E-02
   0.779844      0.197781E-02
   0.791116      0.196539E-02
   0.802370      0.195291E-02
   0.813600      0.194028E-02
   0.824800      0.192744E-02
   0.835960      0.191427E-02
   0.847070      0.190068E-02
   0.858113      0.188653E-02
   0.869070      0.187171E-02
   0.879919      0.185604E-02
   0.890631      0.183936E-02
   0.901170      0.182146E-02
   0.911499      0.180212E-02
   0.921574      0.178106E-02
   0.931351      0.175797E-02
   0.940784      0.173247E-02
   0.949832      0.170410E-02
   0.958461      0.167225E-02
   0.966645      0.163610E-02
   0.974371      0.159463E-02
   0.981635      0.154566E-02
   0.988445      0.149050E-02
   0.994815      0.140854E-02
    1.00000      0.143476E-02
    1.00010       0.00000    
    1.00525       0.00000    
    1.01086       0.00000    
    1.01698       0.00000    
    1.02365       0.00000    
    1.03092       0.00000    
    1.03883       0.00000    
    1.04746       0.00000    
    1.05685       0.00000    
    1.06708       0.00000    
    1.07823       0.00000    
    1.09038       0.00000    
    1.10360       0.00000    
    1.11801       0.00000    
    1.13371       0.00000    
    1.15080       0.00000    
    1.16942       0.00000    
    1.18970       0.00000    
    1.21179       0.00000    
    1.23585       0.00000    
    1.26205       0.00000    
    1.29059       0.00000    
    1.32167       0.00000    
    1.35552       0.00000    
    1.39239       0.00000    
    1.43254       0.00000    
    1.47626       0.00000    
    1.52388       0.00000    
    1.57574       0.00000    
    1.63221       0.00000    
    1.69371       0.00000    
    1.76069       0.00000    
    1.83362       0.00000    
    1.91304       0.00000    
    1.99952       0.00000    

